93
735
3
4
5
6
7
8
9
10
11
413
13
14
15
16
315
18
19
894
21
22
23
24
25
26
27
370
29
30
31
32
33
34
35
36
37
38
39
40
41
42
43
44
45
46
47
48
49
50
51
52
53
54
55
56
57
58
59
60
61
62
302
64
65
66
67
68
69
70
71
72
73
74
75
76
77
78
947
304
81
82
83
84
85
86
87
88
89
554
91
92
1
747
480
96
97
312
99
100
101
102
103
104
105
106
310
108
109
110
111
112
113
114
115
838
365
118
119
120
121
122
123
654
125
126
127
128
129
130
131
132
133
134
135
136
137
171
139
231
141
142
143
144
145
146
147
794
149
261
151
152
153
154
155
825
632
158
159
160
161
162
163
164
165
166
167
168
169
170
138
172
619
174
175
176
177
178
179
180
181
182
183
184
185
186
813
188
189
190
191
192
193
194
870
196
197
390
199
200
201
202
203
204
205
206
207
208
209
210
211
212
213
214
215
216
217
986
219
220
840
222
223
224
225
226
227
228
229
230
140
232
233
234
818
236
237
238
239
240
241
242
243
244
245
246
884
248
249
250
251
252
253
254
255
256
257
258
483
260
150
262
263
264
265
266
267
268
269
270
927
676
273
274
275
276
277
278
279
280
281
282
283
284
285
286
287
288
289
290
291
292
293
294
295
296
787
298
299
300
711
63
303
80
424
306
453
308
309
107
311
98
313
314
17
316
317
318
319
320
321
322
323
324
325
326
327
328
329
330
331
332
333
334
335
778
337
338
339
340
341
342
343
344
345
346
347
348
349
350
540
352
501
354
355
356
357
358
359
360
361
362
363
364
117
366
367
622
369
812
371
372
373
374
375
376
377
378
379
380
381
382
879
384
385
386
387
388
389
198
391
392
393
394
395
396
397
398
399
400
401
402
403
404
405
406
407
408
409
410
673
412
12
414
415
416
417
418
419
420
421
422
423
305
425
426
427
428
697
430
431
432
433
434
435
436
437
438
439
440
441
442
443
444
445
446
447
448
449
450
451
452
307
454
455
456
457
458
459
460
259
462
463
464
465
79
467
468
469
470
471
472
473
474
475
476
541
478
479
95
481
482
461
484
485
486
487
488
987
490
491
753
493
494
495
496
497
498
499
500
353
502
503
504
505
506
507
508
509
751
511
512
513
514
515
516
517
518
902
520
521
522
523
524
525
526
527
528
529
936
124
532
533
534
535
536
537
742
539
351
477
542
543
544
545
546
547
548
549
996
551
552
553
90
555
556
557
558
559
560
561
562
563
564
565
566
567
568
569
570
837
572
573
574
575
576
577
578
579
580
581
582
698
584
585
586
587
588
589
615
591
592
593
727
595
596
597
598
599
600
601
713
978
604
605
606
607
608
609
610
611
612
613
614
590
963
617
618
173
620
916
368
623
624
800
626
627
628
629
630
631
680
633
634
769
636
637
638
639
640
641
642
643
644
645
646
647
648
831
678
651
652
653
531
655
656
657
852
659
660
661
662
663
664
665
666
667
668
669
670
671
672
411
674
675
272
677
650
679
157
681
682
683
684
685
686
782
688
689
690
691
692
693
694
695
696
429
583
699
700
935
702
703
740
705
706
707
861
709
937
949
712
602
714
715
716
717
718
719
720
721
722
723
724
725
726
594
728
729
730
731
732
733
734
2
820
737
738
739
704
741
538
743
744
745
746
94
748
749
750
510
752
492
754
755
756
757
758
759
760
826
762
763
764
765
766
767
768
635
770
771
772
773
774
775
776
777
336
779
780
781
687
783
784
785
786
297
788
789
790
791
792
793
148
795
796
797
798
799
625
801
802
906
804
805
806
807
808
809
810
811
28
187
814
910
816
817
999
819
736
821
822
823
824
156
761
827
828
829
830
649
832
833
834
835
836
571
116
839
221
841
842
843
877
845
846
847
848
849
850
851
658
853
854
964
856
857
858
859
860
708
862
863
864
865
955
881
868
869
989
871
872
873
874
954
876
844
878
893
880
867
882
913
247
885
886
887
888
889
890
891
892
383
20
895
896
897
898
899
900
901
519
903
904
905
803
907
908
909
815
911
912
883
914
985
621
917
918
919
920
921
922
998
924
925
926
946
928
929
930
948
932
933
934
701
530
710
938
939
940
941
466
943
944
945
958
966
931
301
950
951
952
953
875
866
956
957
271
959
960
961
962
616
855
965
942
977
968
969
970
971
972
973
218
975
976
967
603
489
980
981
982
983
984
915
995
979
988
195
974
991
992
993
994
990
550
997
923
235
1000