1
2
3
4
5
6
7
2545
9
10
11
12
13
14
15
16
17
1775
19
20
21
22
23
24
25
26
7634
28
29
30
31
32
33
34
35
36
37
38
39
40
41
42
43
3315
45
46
47
48
49
50
51
52
53
54
55
7236
57
58
59
60
61
62
63
64
938
66
67
68
69
70
71
72
73
74
75
76
77
78
79
80
81
82
83
84
85
1294
87
88
89
90
91
92
2037
94
1582
96
97
98
99
100
101
102
103
104
105
106
6771
108
109
110
111
112
113
114
115
116
117
118
119
120
121
122
123
124
125
126
127
128
7505
130
131
132
133
134
135
6293
137
138
139
140
141
2324
143
144
1747
146
147
148
149
150
151
152
3361
9101
155
156
157
158
159
2643
161
162
163
164
165
166
167
168
169
170
171
172
173
174
5882
464
177
178
179
180
181
182
183
184
5726
186
187
188
189
190
6654
192
193
194
195
196
197
198
199
200
201
202
203
204
205
2020
207
208
209
210
211
212
213
214
500
216
217
218
219
220
221
222
4716
224
225
226
227
8822
833
230
231
232
2748
234
235
236
237
238
239
240
241
242
243
244
3415
246
247
248
249
250
251
252
253
254
5148
256
257
258
259
9013
261
8253
263
264
265
2958
267
268
266
270
271
272
273
274
275
276
277
278
279
280
281
7338
283
284
285
930
287
288
289
290
291
292
293
294
295
1036
297
298
299
300
301
302
303
304
305
306
307
308
309
310
311
312
313
314
315
316
317
318
319
320
321
322
323
324
325
326
327
328
329
330
331
332
333
334
335
336
337
338
339
340
8010
342
343
9165
345
346
347
348
349
350
351
352
353
354
355
356
357
4856
359
360
361
362
363
364
365
366
367
368
369
370
8503
372
373
374
375
376
377
378
379
380
381
382
7708
384
385
386
387
388
389
5331
391
392
393
394
395
396
397
6609
399
400
401
402
403
404
405
406
407
408
409
5347
411
6520
413
414
415
416
417
418
2992
420
421
422
423
424
425
8736
427
428
429
430
431
432
433
434
435
436
437
438
439
440
441
442
443
444
445
446
447
448
449
450
451
7360
453
454
455
456
457
5947
459
460
461
462
463
176
9826
466
467
468
469
470
471
472
473
474
475
476
477
478
479
480
481
482
483
484
485
486
487
488
489
490
491
492
8309
494
495
496
6488
498
499
215
501
502
503
7375
505
506
507
508
509
510
511
512
513
514
6309
516
517
518
519
520
521
522
523
524
525
526
527
528
529
530
531
532
533
534
6338
536
537
7844
539
540
541
542
543
544
2143
546
547
6141
549
550
551
552
553
554
555
556
557
558
559
560
561
562
563
564
565
566
567
568
569
570
571
2502
573
574
6827
576
577
578
579
580
581
582
583
584
585
586
587
588
1656
590
9813
2404
5004
594
595
596
597
598
599
600
601
602
603
604
605
606
607
608
609
2313
611
612
613
614
615
616
617
618
619
620
621
622
623
624
625
626
627
628
629
630
631
632
633
634
635
5310
637
638
639
640
641
642
643
644
645
646
647
648
649
650
651
652
653
654
1118
656
657
658
659
660
661
662
663
664
1925
666
667
668
669
670
671
672
673
674
8389
676
677
678
679
8442
681
682
683
684
685
686
687
688
689
690
691
692
693
694
695
696
697
698
699
700
701
702
703
704
705
706
707
8490
709
710
711
712
713
714
715
716
717
718
719
720
721
6663
723
724
725
6690
727
728
729
730
731
732
733
734
735
736
737
3038
739
740
741
742
743
6403
745
746
747
748
749
750
751
752
753
754
755
756
2731
758
759
760
761
762
763
764
765
766
7276
768
769
770
771
772
773
774
775
776
777
778
779
780
781
782
783
784
785
786
787
788
789
790
791
792
793
794
795
796
797
798
799
800
801
7092
803
804
805
806
807
808
809
810
811
812
813
814
815
816
817
818
819
820
821
822
823
824
825
826
2570
828
829
830
831
832
229
834
835
836
837
838
839
840
841
842
843
844
845
846
4319
848
849
850
851
852
5671
854
4868
856
857
858
859
860
861
862
863
864
865
866
867
868
869
870
6154
872
873
874
875
876
877
878
879
880
881
6102
883
884
3629
886
887
888
889
890
891
892
893
9756
895
896
897
898
899
900
901
7879
903
904
905
906
907
908
909
910
911
912
913
914
915
916
917
918
919
920
921
922
5923
5133
925
926
927
928
929
286
6762
932
933
934
935
936
937
65
939
940
941
942
943
944
945
946
947
948
949
9057
951
952
953
954
955
956
957
4298
959
960
961
8131
963
964
965
966
967
968
969
970
971
972
973
974
3448
976
977
978
979
8077
981
982
983
984
985
986
987
988
989
990
991
992
993
994
995
996
997
998
999
1000
1001
1002
1003
1004
1005
1006
1007
1008
1009
1010
1011
1012
1013
1014
1015
1016
7374
1018
1019
9180
1021
1022
1023
2681
1025
1026
1027
1028
1029
1030
1031
1032
1033
1034
1035
296
1037
1038
9039
1040
1041
1042
1043
1044
1045
1046
1047
1048
1049
1050
1051
7549
1053
1054
1055
1056
1057
1058
1059
1060
1061
1062
1063
1064
1065
1066
1067
1068
1069
1070
1071
1072
1073
1074
1075
1076
1077
1078
7731
1080
1081
1082
1083
1084
1085
1086
1087
1088
1089
1090
1091
1092
1093
1094
1095
7545
1097
6087
1099
1100
1101
1102
1103
1767
1105
9401
1107
6035
1109
1110
1111
1112
1113
398
1115
1116
1117
655
1119
1120
1121
1122
1123
1124
1125
1126
1127
1128
1129
1130
1131
1132
1133
1134
1135
1136
1137
1138
1139
1140
1141
1142
1143
1144
1145
1146
1147
1148
1149
1150
1151
1152
1153
1154
1155
1156
1157
4308
1159
1160
1161
1162
1163
1164
1165
3806
1167
1168
1169
1170
1171
1172
1173
1174
1175
1176
1177
1178
1179
1180
1181
1182
1183
1184
1185
1186
1187
1188
1189
1190
1191
1192
5545
1194
7860
1196
1197
1198
1199
1200
1201
1202
1203
1204
1205
1206
1207
1208
1209
5484
1211
1212
1213
1214
1215
1216
1217
1218
1219
1220
1221
1222
8115
1224
1225
1226
1227
1228
1229
1230
1231
1232
1233
5271
1235
1236
1237
1238
1239
1240
1241
4728
1243
1244
1245
1246
1247
1248
1249
6096
1251
1252
1253
1254
1255
1256
1257
1258
1259
1260
1261
1262
1263
1264
1265
1266
6642
1268
4857
1270
1271
1272
3323
1274
1275
1276
1277
1278
1279
1280
1281
1282
1283
1284
1285
1286
1287
1288
1289
1290
1291
1292
1293
1600
1295
1296
1297
9124
1299
1300
1301
1302
1303
1304
1305
1306
1307
1308
1309
1310
1311
1312
1313
1314
1315
1316
1317
1318
1319
1320
1321
1322
1323
1324
1325
1326
1327
1328
1329
1330
3917
1332
5017
1334
1335
1336
1337
1338
1339
1340
1341
1342
1343
1344
1345
1346
1347
1348
1349
1350
1351
1352
1353
1354
2401
1356
1357
1358
1359
1360
1655
1362
1363
1364
7819
7888
1367
3888
1369
1370
6750
1372
1373
1374
1375
1376
1377
1378
1379
1380
1381
1382
1383
1384
1385
1386
1387
1388
1389
1390
1391
1392
1393
1394
1395
1396
1397
1398
1399
1400
1401
1402
1403
1404
1405
1406
1407
1408
1409
1410
1411
1412
1413
7971
1415
1416
1417
1418
1419
1420
1421
1422
1423
1424
1425
1426
1427
1428
1429
1430
1431
1432
1433
1434
1435
1436
1437
8874
1439
1440
6562
1442
1443
1444
1445
1446
1447
1448
1449
1450
1451
5548
1453
1454
1455
1456
3690
1458
1459
1460
1461
1462
1463
1464
1465
1466
1467
1468
1469
1470
1471
1472
1473
1474
1475
1476
1477
1478
1479
1480
1481
1482
1483
1484
5263
1486
1487
1488
1489
1490
1491
1492
1493
1494
1495
5666
1497
1498
1499
1500
1501
1502
1503
1504
1505
1506
5398
1508
1509
1510
1511
1512
1513
1514
1515
1516
1517
1518
1519
1520
1521
1522
1523
1524
1525
1526
8300
1528
1752
1530
1531
1532
1533
6625
1535
1536
1537
1538
1539
1540
1541
1542
9404
1544
1545
1546
1547
1548
1549
1550
8905
1552
1553
1554
1555
2499
1557
1558
1559
1560
1561
1562
1563
1039
1565
1566
1567
1568
1569
1570
1571
1572
1573
1574
1575
1576
1577
1578
1579
1580
1581
95
1583
1584
1585
1586
1587
1588
1589
1590
1591
1592
1593
2097
1595
1596
1597
6768
3982
86
1601
1602
1603
1604
2025
1606
1607
1608
8142
8633
1611
1612
1613
1614
9873
1616
1617
1618
1619
1620
1621
1622
1623
1624
1625
1626
1627
1628
1629
1630
1631
1632
1633
1634
1635
1636
1637
1638
1639
1640
1641
1642
1643
2124
1645
1646
1647
1648
1649
1650
7564
1652
1653
1654
1932
589
1657
1658
1659
1660
1661
1662
1663
1664
1665
1666
1667
1668
9833
1670
1671
1672
1673
1674
1675
1676
1677
1678
1679
1680
1681
1682
1683
1684
3351
1686
1687
1688
1689
1690
1691
1692
1693
1694
1695
1696
1697
1698
1699
1700
1701
1743
8606
1704
1705
1706
1707
1708
1709
1710
1711
1712
1713
1714
1715
1716
3633
1718
1719
1720
1721
1722
3871
2085
1725
1726
1727
1728
1729
1730
1731
1732
1733
1734
2198
1736
1737
1738
1739
1740
3570
1742
1702
1744
1745
7815
145
1748
1749
1750
1751
1529
1753
1754
1755
1756
1757
1758
1759
1760
1761
4596
1763
8246
1765
1766
1104
1768
8458
1770
1771
1772
1773
1774
5901
6330
9033
1778
1779
1780
1781
8097
1783
1784
1785
1786
1787
1788
8381
1790
1791
1792
1793
1794
5509
1796
1797
1798
1799
1800
1801
1802
1803
1804
1805
1806
1807
9367
1809
1810
1811
3063
1813
1814
1815
1816
1817
1818
1819
1820
1821
1822
1823
1824
1825
1826
1827
1828
1829
1830
1831
1832
1833
1834
1835
1836
1837
1838
1839
1840
1841
1842
1843
1844
4738
1846
1847
1848
1849
1850
1851
1852
1853
1854
7316
1856
1857
1858
1859
2096
5369
1862
1863
1864
1865
1866
1867
4460
1869
1870
1871
1872
5166
1874
1875
4922
1877
1878
1879
1880
1881
1882
1883
1884
1885
1886
1887
1888
1889
1890
1891
1892
8261
1894
1895
1896
4038
1898
1899
1900
1901
1902
1903
1904
1905
1906
1907
1908
1909
1910
1911
1912
1913
1914
1915
1916
1917
1918
1919
1920
1921
1922
1923
1924
665
1926
1927
1928
1929
1930
1931
1361
5375
1934
3112
1936
1937
1938
1939
1940
1941
4527
1943
1944
1945
1946
1947
1948
1949
1950
1951
1952
1953
6300
1955
1956
1957
1958
1959
1960
1961
1962
1963
1964
1965
1966
1967
1968
1969
1970
1971
1972
1973
1974
1975
1976
8210
1978
1979
1980
1981
1982
1983
1984
1985
1986
6236
1988
1989
1990
1991
1992
1993
1994
1995
1996
5600
1998
1999
2000
2001
2002
2003
2004
2005
2006
2007
2008
2009
2010
2011
2012
2013
2014
2015
2016
2017
2018
2019
206
2021
2022
2023
2024
1605
2026
8287
8134
2029
2030
2031
4323
2033
2034
2035
2036
8271
2038
2039
2040
2041
2042
2043
2044
2045
2046
2047
5798
5381
2050
2051
4673
2053
2054
2055
2056
2057
2058
2059
2060
2061
2062
2063
2064
2065
2066
2067
2068
2069
2233
2071
2072
2073
2074
2075
2076
2331
2078
2079
2080
2081
2082
2083
2084
1724
2086
2087
2088
2089
2090
2091
2092
2093
2094
6461
1860
1594
2098
2099
2100
2101
2102
2103
2990
7715
2106
2107
2108
2109
2110
2111
2112
2113
2114
2115
2116
2117
2118
2119
2120
2121
2122
2123
1644
2125
2126
5199
2128
2129
2130
2131
2132
2133
2134
2135
2136
2686
2138
2139
2140
2141
2142
2672
2144
2145
5180
6398
8882
2149
2150
2151
2152
2153
2154
2155
2156
2157
2158
5617
2160
8370
2162
2163
2164
2165
2166
2167
2168
2169
2170
2171
2172
2173
2174
2175
2176
2177
2178
2179
2180
2181
2182
2183
2184
2185
2186
2187
7837
2189
8553
2191
2192
8545
2194
2195
2196
5990
7859
2199
2200
2201
2202
2203
2204
2205
2206
2207
2208
2209
2210
2211
2212
2213
2214
7816
2216
2217
2218
2219
2220
2221
2222
2223
2224
2225
2226
2227
2228
1496
2230
2231
2360
7088
2234
2235
2236
2237
6681
2239
2240
2241
2242
2243
7322
2245
2246
2247
2248
2249
2250
2251
2252
2253
2254
2255
2256
2257
2258
2259
2260
2261
2262
2263
2264
2265
2266
2267
2268
2269
2270
2271
2272
2273
5917
2275
2276
2277
2278
2279
2280
2281
2282
2283
2284
2285
2286
2287
2288
2289
2290
2291
2292
2293
4371
2295
2296
2297
2298
4518
2300
2301
2302
2303
2304
2305
3558
2307
2308
2309
2310
2311
2312
610
2314
2315
2316
2317
2318
2319
2320
2321
5854
2323
142
2325
2326
2327
2328
2329
2330
2077
3797
2333
2334
2335
2336
2337
2338
2339
2340
2341
2342
2343
2344
2345
2346
2347
2348
2349
2350
2351
2352
2353
2354
2355
2356
2357
2358
2359
6014
2361
7342
2363
2364
2365
2366
2367
2368
2369
2370
2371
2372
2373
2374
2375
2376
2377
2378
2379
2380
2381
3808
2383
2384
2385
2386
2387
2388
2389
2390
2391
2392
2393
2394
2395
2396
2397
2398
2399
4501
1355
2402
2403
592
2405
2406
2407
2408
2409
2410
2411
2412
2413
2414
2415
2416
2417
2418
2419
2420
2421
2422
2423
9828
2425
2426
2427
2428
2429
2430
2431
2432
2433
7245
2435
2436
2437
9193
2439
2440
2441
2442
2443
2444
2445
9966
3249
2448
2449
2450
2451
2452
2453
2454
2455
2456
4413
2458
2459
2460
2461
2462
2463
2464
2465
2466
2467
2468
2469
2470
2471
2472
2473
2474
2475
2476
2477
2478
2479
2480
7214
2482
2483
2484
2485
8027
2487
8394
5070
2490
2491
2492
2493
2494
2495
2496
2497
2755
1556
2500
2501
572
4822
2504
2505
2506
2507
2508
2509
2510
2511
2512
4640
2514
2515
2516
2517
2518
2519
2520
2521
2522
2523
2524
2525
2526
2527
2528
2529
2530
2531
2532
2533
3665
2535
8877
2537
2538
2539
2540
2541
2542
2543
7808
8
2546
2547
2548
2549
2550
2551
2552
2553
2554
2555
2556
2557
2558
2559
7163
2561
7128
2563
2564
2565
2566
2567
2568
2698
827
2571
6064
2573
2574
2575
2576
2577
2578
2579
2580
2581
2582
2583
2584
2585
2586
2587
2588
9949
2590
2591
2592
2593
2594
2595
2596
2597
2598
2599
2600
2601
2602
2603
2604
2605
2606
2607
2608
2609
7009
2611
2612
2613
2614
2615
2616
2617
2618
9897
2620
2621
2622
2623
2624
9076
2626
2627
2628
2629
2630
7195
2632
3094
4594
2635
5742
2637
2638
2639
2640
2641
2642
160
2644
2645
6167
2647
2648
2649
2650
2651
8859
2653
2654
2655
2656
7937
2658
2659
2660
2661
2662
2663
2664
2665
2666
2667
2668
2669
2670
2671
545
2673
2674
2675
2676
2677
2678
2679
2680
1024
2682
2683
2684
2685
2137
2687
2688
2689
5048
2691
2692
2693
2694
2695
2696
2697
2569
2699
2700
2701
2702
2703
2704
2705
2706
2707
2708
4259
2710
2711
2712
7076
2714
2715
2716
2717
2718
2719
2720
5454
2722
2723
2724
2725
2726
2727
2728
2729
2730
757
2732
2733
2734
2735
2736
2737
2738
2739
2740
2741
2742
2743
2744
2745
2746
2747
233
2749
2750
2751
2752
2753
2754
2498
2756
2757
2758
2759
2760
8817
2762
2763
2764
2765
2766
7234
2768
2769
2770
2771
2772
2773
2774
2775
2776
2777
2778
2779
4083
2781
2782
2783
2784
2785
2786
2787
2788
2789
2790
2791
2792
2793
2794
2795
2796
2797
2798
2799
2800
2801
2802
2803
2804
2805
2806
2807
2808
2809
2810
2811
5458
2813
2814
3980
2816
2817
2818
2819
2820
2821
2822
2823
2824
2825
2826
2827
2828
2829
2830
2831
2832
2833
2834
2835
2836
2837
2838
2839
2840
2841
2842
2843
2844
2845
2846
9372
2848
2849
2850
2851
2852
2853
2854
2855
6822
8664
2858
2859
2860
2861
2862
2863
2864
6593
2866
6854
2868
2869
2870
2871
2872
2873
2874
2875
2876
2877
2878
2879
2880
2881
2882
2883
2884
2885
2886
7920
2888
2889
2890
2891
2892
2893
2894
2895
2896
2897
2898
2899
2900
2901
2902
2903
2904
2905
2906
2907
2908
2909
2910
2911
6055
2995
2914
2915
2916
2917
2918
2919
2920
2921
2922
2923
2924
2925
2926
2927
2928
2929
2930
2931
2932
2933
2934
2935
2936
2937
2938
2939
2940
9413
2942
7839
2944
8044
2946
2947
2948
2949
2950
2951
2952
2953
2954
2955
2956
2957
269
2959
2960
2961
8487
2963
2964
2965
2966
2967
2968
2969
2970
2971
2972
2973
2974
2975
2976
2977
2978
2979
2980
2981
9581
2983
2984
2985
2986
2987
2988
2989
2104
2991
419
153
2994
6034
2996
9133
2998
2999
3000
3001
6394
3003
3004
3005
3006
3007
3008
3009
3010
3011
3012
3013
6878
3015
3016
3017
3018
3019
3020
3021
3022
9704
3024
3025
3026
3027
3028
3029
8890
3031
3032
3033
3034
3035
3036
3037
738
3039
3040
3041
3042
3043
3044
3045
3046
3047
3048
4876
3050
3051
3052
3053
3054
3055
3056
3057
3058
3059
3060
3061
3062
1812
3064
3065
3066
3067
3068
3069
4681
3071
3072
3675
3571
3075
3076
3077
3078
3079
3080
3081
8697
3083
4587
3085
7613
3087
3088
3089
3090
3091
3092
3093
2633
3095
3096
3097
3098
3099
3100
7469
3102
3103
3104
3105
5136
3107
3108
3109
3110
3111
1935
3113
3114
3115
3116
3117
3118
3119
3120
3121
3122
3123
3124
3125
3126
3127
3128
3129
3130
3131
3132
3133
3317
3135
3136
3137
3138
3139
3140
3141
3142
3143
3144
3145
3146
3147
3148
3149
3920
3151
3152
3153
3154
3155
3156
3157
3158
3343
3160
3161
3162
3163
3164
3165
3166
3167
3168
3169
3170
3171
3172
3173
3174
3175
3176
3177
3178
3179
3180
3181
3182
3183
3184
3185
3186
3187
3188
3189
3190
3191
3192
3193
3194
3195
3196
9213
3198
4608
3200
8953
3202
3203
3204
9277
3206
3207
3208
3209
3210
3211
3212
3213
3214
4500
3216
3217
6106
3219
3220
3221
3222
3223
3224
3225
3226
5290
3228
3229
3230
3231
3232
3233
3234
3235
3236
3237
3238
3239
3240
3241
3242
3243
3244
6530
3246
3247
3248
2447
3250
6522
3252
3253
3254
3255
3256
3257
3258
3259
5416
3261
3262
3263
3264
7674
3266
3267
3268
3269
3270
3271
7341
3273
3274
9226
3276
3277
3278
3279
3280
3281
3282
3283
3284
3285
3286
3287
3288
3289
3290
3291
3292
3293
3294
3295
9565
3297
3298
3299
3300
3301
3302
3303
3304
3305
3306
3307
3308
3309
3310
3311
3312
3313
3314
44
3316
3134
4013
3319
3320
6757
3322
1273
3324
3325
3326
3327
4478
3329
5522
3331
3332
3333
3334
3335
3336
3337
3338
3339
3340
3341
4621
3159
3344
3345
3346
3347
3348
3349
3350
9784
3352
3353
3354
3355
3356
3357
3358
3359
3360
2993
3362
3363
3364
3365
3366
3367
9977
3369
3370
3371
3372
3373
3374
3375
3376
3377
3378
7370
3380
9542
3382
3383
3384
3385
3386
3387
3388
3389
8952
3391
3392
3393
3394
3395
3396
3397
3398
3399
3400
3401
3402
3403
3404
3405
3406
3407
3408
3409
3410
3411
3412
3413
3414
245
3416
3417
3418
3419
3420
3421
3422
3423
4706
3425
5638
3427
3428
3429
3430
3431
3432
3433
3434
3435
3436
3437
3438
3439
3440
3441
3442
3443
3444
3445
3446
3447
975
3449
3450
3451
3452
3453
3906
3455
3456
3457
3458
3459
3460
3461
5272
3463
3464
3465
3466
3467
3468
6937
3470
3471
3472
3473
3474
3475
3476
3477
3478
3479
3480
3481
3482
3483
3484
3485
3486
3487
3488
3489
3490
3491
4479
3493
3494
3495
3496
3497
3498
3499
8855
4238
3502
3503
3504
3505
3506
3507
3508
3509
3510
3511
3512
3513
3514
3515
3516
3517
3518
3519
3520
3521
6477
3523
3524
3525
3526
3527
8445
3529
3530
3531
3532
3533
3534
3535
3536
3537
3538
3539
7486
3541
3542
3543
3544
3545
3546
6086
3548
3549
3550
3551
3552
3553
3554
7640
3556
3557
2306
7645
3560
3561
3562
894
3564
8244
3566
3567
3568
3569
1741
4718
3572
3573
3574
3575
3576
3993
3578
3579
3580
3581
3582
3583
3584
3585
3586
3587
3588
3589
8692
3591
3592
3593
3594
3595
3596
3597
3598
3599
8139
3601
9051
3603
3604
3605
3606
3607
7909
3609
3610
3611
3612
3613
3614
3615
3616
3617
3618
3619
3620
3621
3622
3623
3624
3625
3626
3627
708
885
3630
3631
4794
1717
3634
3635
3636
3637
3638
3639
3640
3641
3642
3643
3644
3645
3646
3647
3648
3649
3650
3651
3652
3653
3654
3655
3656
3657
3658
3659
3660
3661
3662
3663
3664
2534
3666
3667
3668
3669
3670
3671
3672
5091
3674
3073
3676
3677
3678
3679
3680
3681
3682
3683
3684
3685
3686
3687
3688
3689
1457
3691
3692
3693
3694
3695
3696
3697
3698
7334
8774
3701
3702
3703
3704
3705
3706
3707
9587
3709
3710
3711
3712
3713
3714
3715
3716
3717
3718
3719
3720
3721
3722
3723
3724
3725
3726
6213
3728
3729
3730
3731
3732
3733
3734
3735
3736
4633
3738
3739
3740
3741
3742
3743
3744
3745
3746
3747
3748
3749
3750
3751
3752
3753
3754
3755
3756
3757
3758
3759
3760
3761
3762
3763
3764
3765
1703
3767
3768
3769
3770
9692
3772
3773
3774
3775
3776
3777
3778
3779
3780
3830
3782
3783
3784
3785
3786
3787
3788
3789
9417
3791
3792
3793
3794
3795
9399
2332
3798
3799
3800
3801
3802
3803
3804
3805
1166
3807
2382
3809
3810
3811
3812
3813
3814
3815
3816
3817
6786
3819
3820
3821
3822
3823
3824
3825
3826
3827
3828
6648
6313
3831
3832
3833
3834
3835
3836
3837
3838
3839
3840
3841
3842
3843
3844
3845
3846
7192
3848
3849
3850
3851
3852
3853
3854
3855
3856
3857
3858
3859
3860
3861
3862
3863
3864
3865
3866
3867
3868
3869
3870
1723
3872
3873
3874
3875
8629
3877
3878
3879
3880
3881
3882
3883
3884
3885
3886
3887
1368
3889
3890
3891
3892
3893
3894
3895
3896
3897
3898
3899
3900
3901
3902
3903
3904
3905
3454
3907
3908
3909
3910
3911
3912
3913
3914
3915
3916
1331
5188
3919
3150
3921
3922
3923
3924
3925
3926
3927
8921
3929
3930
3931
3932
3933
3934
3935
3936
3937
3938
3939
3940
3941
3942
3943
3944
3945
3946
3947
3948
6005
3950
3951
3952
3953
3954
3955
3956
3957
3958
3959
3960
3961
3962
3963
3964
3965
3966
3967
3968
3969
9517
3971
3972
3973
3974
3975
3976
5531
3978
3979
2815
3981
1599
3983
3984
3985
3986
3987
3988
3989
3990
9077
3992
3577
3994
9512
3996
4304
4529
3999
4000
4001
4002
4003
4004
4005
4006
4007
4008
4009
7060
4011
4012
3318
4014
4015
4016
4017
4018
4019
4020
4021
4022
4023
4024
4025
4026
4027
4028
4029
4030
4031
4032
7451
4034
5886
4036
9854
1897
4039
4040
4041
4042
4043
4044
4045
4046
4047
4048
4049
4050
4051
4052
6902
4054
4055
5057
4057
4058
6319
4060
4061
4062
4063
4064
4065
4066
4067
6914
5328
4070
4071
4072
4073
4074
5475
4076
9721
4078
4079
8017
5838
4082
5473
4084
4964
6668
4087
4088
4089
4090
4091
4092
4093
4094
4095
4096
4097
4098
5962
4100
3790
4102
4103
4104
4105
4106
4107
4108
4109
4110
4111
4112
4113
4114
4115
4116
4117
4118
4119
4120
4121
4122
4123
4124
4125
4126
4127
4128
4129
4130
4131
4132
4133
4134
4135
4136
4137
4138
4139
4140
9699
4142
4143
4144
4145
4146
4147
4148
4149
8089
4151
4152
4153
4154
4155
4156
4157
4158
4159
4160
4161
4162
4163
4164
4165
4166
4167
4168
4169
4170
4171
4172
4173
4174
4175
4176
4177
4178
4179
4180
4181
4182
4183
4184
4185
4186
4187
4188
8908
4190
4191
4192
4193
4194
4195
4196
4197
5324
4199
4200
4201
4202
4203
4204
4205
6732
4207
4208
4209
4210
4211
4212
4213
4214
4215
4216
5415
4218
4219
4220
4221
4222
4223
4224
6113
4226
4227
4228
4229
4230
4231
4232
4233
4234
4235
4236
4237
3501
6306
4240
4241
4242
4243
4244
5023
4246
4247
4248
4249
4250
4251
4252
4253
8265
4255
4256
4257
4258
2709
4260
4261
4262
4263
7677
4265
4266
4267
4268
4269
4270
4271
4272
4273
4274
4275
4276
4277
4278
4279
4280
4281
4282
4283
962
4285
4286
4287
4288
4289
9543
4291
4292
4293
9509
4295
4296
4297
958
4299
4300
4301
4302
4303
3997
4305
4306
4307
1158
4737
4310
4311
4312
4313
4314
4315
4316
4317
4318
847
4564
4321
4322
2032
4324
4325
4326
4327
4328
4329
4330
4331
4332
4333
4334
4335
4336
4337
5616
4339
4340
4341
4342
5924
4344
4345
4346
4347
4348
4349
4350
4351
4352
4353
4354
4355
4356
4357
4358
4359
4360
4361
4362
4363
4364
4365
4366
4367
4368
4369
4370
2294
4372
4373
4374
4375
4376
4377
4378
4379
4380
4381
4382
4383
4384
4385
4386
4387
4388
4389
4390
4391
4392
4393
9601
4395
4396
4397
4398
4399
4400
4401
4402
4403
4404
4405
6650
4407
4408
4409
4410
4411
4412
2457
4414
5524
4416
4417
4418
4419
4420
9878
4422
4423
7162
4425
4426
4427
4428
4429
4430
4431
4432
4433
4434
4435
4436
4437
4438
8439
4440
4441
4442
4443
4444
4445
4446
8687
4448
4449
4450
4451
4452
4453
4454
4455
4456
4457
4458
9533
1868
4461
4462
4463
4464
4465
4466
4467
4468
4469
4470
4471
4472
4473
4474
5500
4476
4477
3328
3492
4480
4481
4482
4483
4484
4485
4486
4487
7633
4489
4490
4491
4492
4493
8900
4495
4496
4497
4498
4499
3215
2400
4502
4503
4504
4505
4506
4507
4508
4509
4510
4511
4512
4513
4514
7047
7895
4517
2299
4519
4520
4521
4522
4523
4524
4525
4526
1942
4528
3998
4530
4531
4532
4533
8219
4535
8957
4537
4538
4539
4540
4541
4542
4543
4544
4545
4546
4547
4548
4549
4550
4551
4552
4553
4554
4555
4556
4557
4558
4559
4560
4561
6516
4563
4320
4565
4566
4567
4568
4569
4570
4571
4572
1333
7317
4575
4576
4577
4578
8984
4580
4581
4582
7099
4584
4585
4586
3084
4588
4589
4919
4591
4592
6677
2634
4595
1762
5505
4598
4599
4600
4601
4602
4603
4604
4605
4606
4607
3199
4609
4610
4611
4612
4613
4614
4615
4616
4617
4618
4619
4886
3342
4622
4623
4624
4625
4626
6578
4628
5036
4630
4631
4632
3737
4634
4635
8676
4637
6413
4639
2513
7429
4642
4643
4644
4676
4646
4647
4648
4649
4650
4651
4652
4653
4654
4655
4656
4657
4658
4659
4660
4661
4662
4663
8359
4665
4666
4667
4668
4669
4807
4671
4672
2052
4674
4675
4645
7771
4678
4679
4680
3070
4682
4683
4684
4685
6892
4687
4688
4689
4690
4691
4692
4693
4694
4695
4696
4697
4698
8688
7676
4701
4702
4703
9000
4705
3424
4707
4708
4709
4710
4711
4712
4713
4714
4715
223
4717
3074
4719
4720
4721
4722
4723
4724
4725
4726
902
1242
4729
4730
4731
4732
4733
4763
4735
4736
4309
1845
4739
8704
4741
4742
4743
4744
4745
4746
8588
4748
4749
4225
4751
4752
4753
4754
4755
4756
4757
4758
4759
6527
4761
4762
4734
7606
8401
4766
4767
4768
4769
4770
4771
4772
4773
4774
4775
4776
4777
1507
4779
4780
4781
4782
4783
4784
4785
4786
4787
4788
4789
4790
4791
9181
4793
5594
4795
4796
4797
4798
6723
4800
4801
5151
4803
4804
7124
4806
4670
4808
4809
4810
4811
8358
4813
4814
4815
4816
4817
4818
4819
4820
4821
8509
4823
6742
4825
4826
4827
4828
4829
9576
4831
6442
4833
4834
4835
4836
4837
6478
4839
4840
4841
4842
4843
4844
4845
4846
4847
4848
5550
4850
4851
4852
9109
4854
4855
358
9753
4858
4859
4860
4861
4862
4863
4864
4865
4866
4867
855
4869
9930
4871
4872
4873
4874
4875
3049
4877
4878
9945
4880
4881
8143
4883
4884
4885
4620
4887
9356
4889
5403
4891
4892
4893
9019
4895
4896
4897
4898
4899
4900
4901
8543
4903
4904
4905
4906
4907
4908
4909
4910
5586
4912
4913
4914
4915
4916
4917
9285
4590
4920
4921
1876
4923
4924
4925
4926
4927
4928
4929
4930
4931
4932
4933
4934
4935
4936
4937
7264
4939
4940
4941
4942
4943
4944
4945
4946
4947
9912
4949
4950
4951
4952
4953
4954
4955
4956
4957
4958
4959
4960
4961
4962
4963
4085
4965
4966
4967
4968
4969
465
4971
4972
4973
4974
4975
4976
4977
4978
4979
4980
4981
7729
4983
8795
4985
4986
4987
4988
4989
4990
4991
8168
4993
4994
7593
4996
4997
4998
4999
5000
5001
5002
5003
593
5005
5006
5007
5008
5009
5010
5011
8349
5013
5014
5015
5016
5178
5018
5019
5020
5021
5022
4245
5024
5025
5026
5027
5028
5029
5030
5031
8947
5033
5034
6189
4629
5037
5038
6793
5040
5041
5042
7686
5044
5045
5046
5047
2690
5049
5050
8647
7811
5053
5054
5055
5056
4056
5058
5059
5060
5061
7199
5063
5064
5065
5066
5067
5068
7823
2489
5071
5072
5073
5074
9693
5076
5077
5078
8173
5080
5081
5082
5325
5084
5085
5086
9293
5088
5089
8792
3673
5092
7913
5094
5095
5096
5097
5098
5099
8624
5101
5102
5103
5104
2049
5106
9641
5108
5109
5110
5111
5112
5113
5114
5115
5116
5117
5118
5119
5120
8247
5122
5123
5124
5125
5126
5127
5128
5129
5130
5131
5132
924
5134
5135
3106
5137
5138
5139
5140
5141
5142
5143
5144
5145
5146
5147
255
5149
5150
4802
5152
5153
5154
5155
6136
5157
5158
5159
5160
5232
5162
5163
5164
5165
1873
5167
5168
5169
5170
5171
5172
5173
5174
5175
5176
5177
4573
5179
2146
5181
5182
5183
5184
5185
5186
5187
3918
5189
5190
8846
5192
5193
504
5195
5196
5197
5198
2127
5200
5201
5202
5203
5204
8340
8638
5829
9991
5209
5210
5211
5345
6152
5214
5215
5216
5217
9857
5219
8023
5221
5222
5223
5224
5225
5226
5227
5228
5229
5230
7902
5161
5233
5234
5784
5236
5237
5238
5239
5240
7875
5242
5243
5244
5245
5246
5247
5248
5249
5250
5251
5252
5253
5732
5255
5256
7977
5258
5259
5260
5261
5262
1485
5264
5265
5266
5267
5268
5269
5270
1234
3462
5273
5274
5275
5276
5277
5278
8129
5280
5281
5282
5283
5284
5285
5286
8016
5288
5289
3227
5291
5292
5293
5294
5295
5296
5297
9819
5299
5300
5301
5302
5303
8032
5305
5306
5307
5308
5309
7741
5311
5312
5313
7028
5315
5316
5317
8288
5319
5320
7621
5322
5323
4198
5083
5326
5327
4069
5329
5330
390
5332
5333
5334
5335
5336
5337
5338
5339
5340
5341
5342
5343
5344
5212
5346
410
5348
5349
5350
8919
5352
5353
5354
5355
8316
5357
6998
5359
5360
5361
5362
5363
5364
5365
5366
5367
5368
1861
5370
5371
5372
5373
5374
1933
5376
5377
5378
5379
5380
5105
5382
5383
5384
5385
5386
5387
5388
5389
5390
5391
5392
5393
5394
5395
5396
5397
4778
5399
5400
6016
5402
4890
5404
5405
5406
5407
5408
5409
5410
5411
5412
5413
5414
4217
3260
5417
5418
5419
5420
5421
7682
5423
5424
5425
5426
5427
5428
5429
5430
5431
5432
931
5434
5435
5436
5437
5438
5439
5440
5441
9879
5443
5444
9602
5446
5447
1789
5449
5450
5451
5452
5453
2721
5455
5456
5457
2812
5459
5460
5461
9274
5463
5464
5465
5466
5467
5468
5469
5470
5471
5472
2780
5474
4075
5476
5477
5478
5479
5480
5481
5482
5483
1210
5485
5486
5487
5488
5489
8048
5491
5492
5493
6745
5495
5496
5497
5498
5499
4475
5501
5502
5503
5504
4597
6186
5507
8967
1795
5510
5511
5512
5513
5514
5515
5516
5517
5518
6453
7611
5521
3330
5523
4415
5525
5526
1776
5528
5529
5530
3977
5532
5533
5534
5535
5536
5537
5538
5539
5540
5541
8388
7586
5544
1193
5546
9846
1452
5549
4849
5551
5552
5553
5554
5555
5556
5557
5558
5559
5560
5561
5562
5563
5564
5565
5566
5567
5568
5569
5570
5571
5572
5573
5574
5575
5576
5577
5578
5579
5580
5581
5582
7734
5584
5585
4911
5587
5588
9987
5590
5591
5592
5593
3632
5595
5596
5597
5598
9434
1997
5601
5602
5603
5604
5605
5606
6626
6025
5609
5610
5611
5612
5613
5614
5615
8734
2159
5618
5619
5620
5621
5622
5623
5624
5625
5626
5910
7656
5629
5630
5631
5632
5633
5634
5527
5636
5637
3426
5639
5640
5641
5642
7021
5644
5645
5646
5647
5648
5649
5650
5651
5652
5653
5654
5655
5656
5657
5658
5659
5660
5661
5662
5663
5664
5665
2229
5667
5668
4627
5670
9508
7007
5846
5674
5675
5676
5677
5678
5679
5680
5681
5682
5683
5684
5685
5686
5687
5688
5689
5690
5691
5692
5693
5694
5695
5696
5697
5698
5699
5700
6242
5702
6223
5704
5705
5706
5707
5708
5709
5710
9485
5712
7507
5714
5715
5716
5717
5718
5719
5720
5721
5722
5723
5724
5725
185
5727
5728
5729
5730
5731
5254
5733
5734
7962
5736
5737
5738
5739
5740
5741
2636
8002
5744
5745
5746
5747
5748
5749
5750
5751
5752
7877
9927
5755
5756
5757
5758
5759
5760
5761
5762
5763
5764
5765
5766
5767
5768
5769
5770
5771
5772
5773
5774
5775
5776
5777
5778
5779
6820
5781
5782
5783
5235
8830
5786
8848
5788
5789
5790
5791
5792
5793
5794
5795
5796
5797
2048
5799
6939
5801
5802
5803
5804
5805
5806
5807
5808
5809
8935
5811
5812
5813
5814
5815
5816
5817
5818
5819
5820
5821
5822
5823
5824
5825
5826
5827
5828
5207
5830
5831
5832
5833
5834
8072
5836
5837
4081
5839
5840
5841
5842
5843
5844
5845
5673
5847
5848
5849
5850
5851
5852
5853
2322
5855
5856
5857
5858
5859
5860
9644
7248
5863
5864
5865
5866
5867
5868
5869
5870
5871
5872
5873
5874
9144
5876
5877
5878
5879
5880
5881
175
5883
5884
5885
4035
5887
5888
5889
6225
5891
5892
9632
5894
5895
5896
5897
5898
5899
5900
18
5902
5903
5904
5905
5906
5907
5908
5909
5627
5911
5912
5913
5914
5915
5916
2274
5918
8347
5920
5921
5922
923
4343
5925
9579
5927
5928
5929
5930
9222
5932
5933
5934
5935
5936
5937
5938
5939
5940
5941
5942
5943
5944
5945
5946
458
7661
5949
5950
5951
5952
5953
5954
5955
5956
5957
5958
5959
5960
5961
4099
5963
5964
5965
5966
5967
5968
5969
5970
5971
5972
5973
5974
5975
5976
4150
3014
5979
5980
5981
5982
5983
5984
5985
5986
5987
5988
5989
2197
7323
5992
5993
5994
5995
2856
5997
5998
5999
6000
6001
6002
6003
6004
3949
6006
6007
6008
6009
6010
6011
6012
6013
2232
6015
5401
9639
6018
6019
6020
6021
6022
6023
6662
5608
6026
6027
6028
6029
6030
6266
6032
6033
2913
1108
6036
6037
6038
8415
6040
6041
6042
6043
6044
6045
6046
6047
6048
6049
6050
6051
6052
6053
6054
2912
6056
6057
6058
6059
6060
6061
6062
6063
2572
6065
6066
6067
6068
6069
6070
6970
6470
6073
6074
7562
6076
6077
9835
6079
6080
6081
6082
6083
6084
6085
3547
1098
6088
6089
6090
6091
6092
6093
6094
6095
1250
6097
6098
6099
6100
6101
882
6103
6104
6105
3218
6107
6108
6109
6110
6111
6112
4750
6114
9960
6116
6117
6118
6119
6120
6121
6122
6123
6124
6125
3829
6127
6128
6129
6130
6131
6132
6133
6134
6135
5156
6137
6138
7527
6140
548
6142
6143
6144
6145
9264
6147
6148
8707
6150
7273
5213
6153
871
8681
6156
6157
6158
6159
6160
6161
6162
6163
6164
6165
6166
9495
6168
6169
6170
6171
6172
6173
6174
6175
6176
6177
6178
6179
6180
6181
6182
4077
7481
6185
5506
6187
6188
5035
6190
6191
8784
6193
9173
6195
6196
6197
6198
6199
6200
6201
6202
6415
6204
6205
6206
6207
6208
6209
6210
6211
6212
3727
6214
6215
6216
6217
6218
6219
6220
6221
6222
5703
6224
5890
6226
6227
6228
6229
6230
6231
6232
6233
9886
6235
1987
6237
6238
6239
6240
6241
5701
6243
6244
9098
6246
6247
6248
6249
6250
9768
9827
6253
6254
6255
6256
6257
6258
7421
6260
6261
6262
6263
6264
9655
6031
6267
6268
6269
6270
6271
6272
6273
6274
6275
6276
6277
6278
6279
6280
6281
6282
6283
6284
6285
6286
6287
8743
6289
6290
8980
6292
136
6294
6295
6296
6297
6298
6299
1954
5318
6302
6303
6304
6305
4239
6307
6308
9698
6310
6311
6312
3781
6314
6315
6316
6317
8284
4059
6320
6321
6322
6323
1079
6331
6326
6327
6328
6833
5635
6325
6332
6333
6334
6335
6336
6337
535
6339
6340
6341
6342
6343
6344
6345
6346
6347
6348
6349
6350
6351
6352
6353
6354
6355
6356
6357
6358
6359
6360
6361
6362
6363
6364
8120
6366
6367
6368
6369
8149
6371
6372
6373
6374
6375
6376
6377
6378
6379
6380
6381
6382
6383
6384
6385
6386
6387
6388
6389
6390
6391
6392
6393
3002
6395
6396
6397
2147
8534
6400
6401
6402
9667
6404
6405
6406
6407
6408
6409
6410
6411
6412
4638
6414
6203
6416
6417
6418
6419
6420
6421
6422
6423
6424
6425
6426
6427
6428
6429
6430
6431
6432
6433
6434
6435
6436
6437
8280
9933
6440
9453
9885
6443
6444
6445
6446
6447
6448
6449
6450
6451
6452
5519
6454
6455
6456
6457
6458
6459
6460
2095
8187
6463
6464
6465
6466
6467
6468
6469
6072
6471
6472
6473
6474
6475
6476
3522
4838
6479
6480
6481
6482
6483
6484
6485
6486
6487
497
6489
6490
6491
6492
6493
6494
6495
6907
6497
6498
6499
6500
6501
6502
6503
6504
6505
6506
6507
6508
6509
6510
9380
6512
6513
8275
6515
4562
6517
6518
6519
412
6521
3251
6523
6524
6525
6526
4760
6528
6529
3245
6531
6532
6533
6534
6535
6536
6537
6538
6539
6540
6541
7709
6543
6544
6545
6546
6547
6548
6549
6550
6551
6552
6553
6554
6555
6556
6557
6558
6559
6560
6561
1441
6563
6564
7963
6566
6567
6568
6569
6570
6571
6572
6573
6574
6575
6576
6577
5669
6579
7563
6581
6582
6583
6584
6585
6586
6587
6588
6589
6590
6591
6592
2865
6594
6595
6596
6597
6598
6599
6600
6601
6602
6603
6604
6605
6606
6607
6608
1114
6610
6611
6612
6613
6614
6615
6616
6617
6618
6619
6620
6621
6622
6623
6624
1534
5607
6627
6628
6629
6630
6631
6632
6754
6634
6635
6636
6637
6638
7760
6640
6641
1267
6643
6644
6645
6646
6647
2446
6649
4406
6651
6652
6653
191
6655
6656
6657
6658
7343
6660
6661
6024
722
6664
6665
6666
6667
6837
6669
6670
6671
6672
6673
6674
6565
6676
4593
6678
6679
6680
2238
6682
6683
6684
6685
6686
6687
6688
6689
726
6691
6692
6693
6694
6695
6696
6697
6698
6699
6700
6701
6702
6703
6704
6705
6706
6707
6708
6709
6710
9156
6712
6713
6714
6715
6716
6717
6718
6719
6720
6721
6722
4799
9409
6725
6726
6727
6728
6729
6730
6731
4206
6733
6734
6735
6736
6737
6738
6739
6740
7571
4824
6743
6744
7510
7141
6747
6748
6749
1371
6751
6752
6753
6633
3555
6756
3321
6758
6759
6760
6761
5433
6763
6764
6765
6766
6767
1598
6769
6770
107
6772
6773
6774
6775
6776
6777
6778
6779
6780
6781
6782
6783
6784
6785
3818
6787
6788
6789
6790
6791
9169
5039
6794
6795
6796
6797
6798
6799
6800
6801
6802
6803
6804
6805
6806
6807
6808
6809
7630
6811
7339
6813
6814
6815
6816
8719
6818
6819
9545
6821
5996
6823
3500
6825
6826
575
6828
6829
6830
6831
6832
5583
6834
6835
6836
4086
6838
6839
7494
7364
6842
6843
6844
6845
6846
6847
8884
6849
6850
6851
6852
6853
2867
8146
6856
6857
6858
6859
6860
6861
6862
9750
6864
6865
6866
6867
7172
6869
6870
6871
7216
6873
6874
6875
6876
6877
5978
6879
6880
6881
6882
6883
6884
6885
6886
6887
6888
6889
7415
6891
7957
8337
6894
6895
6896
6897
9964
6899
6900
6901
4053
6903
6904
6905
6906
6496
6963
6909
6910
6911
6912
6913
4068
9212
6916
6917
6918
6919
6920
6921
7142
6923
6924
7865
8594
6927
6928
6929
6930
6931
6932
9395
6934
6935
6936
3469
6938
5800
6940
6941
6942
6943
6944
6945
6946
6947
6948
6949
6950
6951
7240
6953
6954
6955
6956
6957
6958
6959
6960
6961
6962
6908
6964
6965
6966
6967
6968
6969
6071
6971
6972
8423
6974
6975
6976
6977
6978
6979
8546
6981
6982
6983
6984
6985
6986
6987
6988
6989
7824
6991
6992
6993
6994
6995
6996
6997
5358
6999
7000
8838
7002
7003
7004
7005
7006
5672
7008
2610
7010
7011
7012
7013
7014
7015
7016
7017
7018
7019
7020
5643
7022
7023
7024
7025
7026
7027
5314
7029
7030
7031
7032
7033
7945
7035
7235
7037
7038
7039
7040
7041
7042
7043
7044
7045
7046
4515
7048
7049
7050
7051
7052
7053
7054
7055
7056
7057
7058
7059
4010
8457
7062
7063
7064
7065
7066
7067
7068
7069
7070
7071
7072
7073
7074
7075
2713
7077
7078
7079
7080
7081
7082
7083
7084
8384
7086
7087
2070
7089
7090
7091
802
7093
7094
7095
7096
7097
7098
4583
7100
7101
7102
7103
9522
7105
7106
7107
7108
7109
7110
7111
7112
7113
7114
7115
7116
7117
7968
7119
7120
8357
7122
7123
4805
7125
7843
7127
2562
7129
7130
7131
9626
7133
7134
7135
7136
7137
7138
7139
7140
6746
6922
7143
7144
7145
7146
7147
7148
7149
7150
7151
7152
7153
7154
7155
7156
7157
7158
7159
7160
7161
4424
9376
7164
7165
7166
7167
7168
7169
7170
7171
6868
7173
7174
7175
7176
7177
7178
8612
5547
7181
7182
7183
7184
7185
7186
7187
7188
7189
7190
7191
3847
7193
8469
2631
7196
7197
8827
5062
7200
7201
9526
8302
7204
7205
7206
7207
8348
7209
7210
7211
7212
7213
2481
7215
6872
7217
7218
7219
7220
7221
7222
7223
7224
7225
7226
7227
7228
7229
7846
7231
7232
7233
8124
7036
56
7237
7238
7239
6952
7241
7242
7243
7244
2434
7361
7247
5862
7249
7250
7251
7252
7253
7254
7255
7256
7257
9758
7259
8644
7261
7262
7263
4938
7265
7266
7267
7268
7269
7983
7271
7272
6151
7274
7275
767
7277
7278
7279
7280
7281
7282
7283
7284
7285
7286
7287
7288
7289
7290
7291
7292
7293
7294
8057
7296
7297
7298
7299
7300
7301
7302
7303
7304
8968
7306
7307
7308
7309
7310
7311
7312
7313
7314
8814
1855
4574
7318
7319
7320
7321
2244
5991
7324
7325
7326
7327
7328
7329
7926
7331
7332
7333
3699
7335
7336
7337
282
8101
7340
3272
2362
6659
7344
7345
8282
8959
7348
7349
7350
7351
7352
7353
7354
7355
7356
7357
4882
7359
452
7246
7362
7363
6841
7365
7366
7367
7368
7369
3379
7371
7372
7373
1017
5194
7376
7377
7378
7522
7380
426
9996
7383
7384
7385
7386
7387
7388
7389
7390
7391
7392
7393
7394
7395
7396
7397
7398
7399
7400
9675
7402
7403
7404
7405
7406
7407
7408
7409
7410
8104
7412
7413
7414
6890
7416
7417
7418
7419
8116
6259
7422
7423
7424
7425
7426
7427
7428
4641
7430
7431
7432
7433
7434
7435
7436
7437
5052
7439
7440
7441
7442
7443
7690
7445
7446
7447
7448
7449
7450
4033
7452
7453
7454
7455
7456
8745
7458
7459
7460
7461
7462
7576
7464
7465
7466
7467
7468
3101
7470
7471
7472
7473
7474
7475
7476
7477
7478
7479
7480
6184
8670
7483
7484
7485
3540
7487
7488
7489
9845
7491
7492
7493
6840
7495
7496
7497
7498
1893
7500
7501
7502
7503
7504
129
7506
5713
7508
7509
5494
7511
7512
7513
7514
7515
7516
7517
7518
7519
7960
7521
7379
7523
7524
7525
7526
6139
7528
7529
7530
7531
7532
7533
7534
7535
8315
7537
7538
7539
8200
7541
7542
7543
7544
1096
7546
7547
9352
1052
7550
7551
7552
8216
7554
7555
7556
7557
7558
7559
9903
7561
6075
6580
1651
9270
7566
9176
7568
7569
7570
6741
7572
7573
7574
7575
7463
8189
7578
7579
7580
7581
7582
7583
7584
7585
8501
8770
7588
7589
7590
7591
7592
4995
7594
7595
7596
7597
7598
7746
7600
7601
7602
9544
7604
7605
4764
7607
7608
7609
7610
9609
7612
3086
7614
7615
7616
7617
7618
7619
7620
5321
7622
7623
7624
9998
7626
7627
7628
7629
6810
7631
7632
4488
27
7635
7636
7637
7638
7639
6755
7641
7642
7643
7644
8329
7646
8997
7648
7649
7650
7651
9347
7653
7654
7655
5628
7657
7658
7659
7660
5948
7662
7663
7664
7665
7666
7667
7668
7669
7670
7671
7672
7673
3265
7675
4700
4264
7678
7679
7680
7681
5422
7683
7684
7685
5043
7687
7688
7689
7444
7691
7692
7693
7694
7695
7696
7697
7698
7699
7700
7701
7702
7703
7704
7705
7706
7707
383
9405
9004
7711
7712
7713
7714
2105
7716
7717
7718
7719
7720
7721
7722
9465
7724
7725
7726
7899
5753
4982
7730
6324
7732
9707
6329
7735
7736
7737
7738
7739
9729
636
8656
7743
7744
7745
7599
7747
7748
7749
7750
7751
7752
7753
7754
7755
7756
7757
7758
7759
6639
7761
9126
7763
7764
7765
7766
9622
7768
7769
7770
4677
7772
7773
3995
7775
7776
7777
9463
7779
7780
7781
7782
7783
7784
7785
7786
7787
7788
7789
7790
7791
7792
7793
6194
7795
7796
7797
7798
7799
7800
7801
7802
7803
7804
7805
7806
7807
2544
8034
7810
7438
7812
7813
7814
1746
2215
7817
7818
1365
7820
5220
7822
5069
6990
7825
7826
7827
7828
9368
8365
7831
7832
7833
7834
7835
7836
2188
7838
2943
7840
7841
7842
2190
538
7845
7230
7847
7848
7849
7850
9157
7852
7853
7854
7855
7856
7857
7858
9720
7988
7861
7862
7863
7864
6925
7866
7867
7868
7869
7870
7871
8082
7873
7874
5241
7876
7728
7878
4727
7880
7881
7882
7883
7884
7885
8903
9901
1366
7889
7890
9654
7892
7893
9907
4516
9941
7897
7898
7727
7900
7901
5231
5711
7904
7905
7906
7907
7908
3608
7910
9432
8127
5093
7914
7915
7916
7917
7918
7919
2887
9956
7922
7923
7924
7925
7330
7927
7928
7929
7930
7931
7932
7933
7934
7935
7936
2657
7938
7939
7940
7941
9583
7943
7944
7034
7946
7947
9216
7949
7950
7951
7952
7953
7954
7955
7956
4686
7958
7959
8845
7961
5735
6675
7964
9528
7966
7967
7118
7969
7970
1414
7972
7973
9812
7975
7976
5257
7978
7979
7980
8369
7982
7270
7984
7985
7986
9563
1195
7989
7990
7991
7992
7993
7994
7995
7996
7997
7998
7999
8000
8158
5743
8003
8004
8005
8006
8007
8008
8009
341
8011
8012
8013
8014
8015
5287
4080
9726
8019
8020
8021
8022
7821
8024
8025
8026
2486
8028
8029
8030
8031
5304
8033
7809
8035
8036
8037
8038
8039
8040
8041
8042
8043
2945
8045
8046
8047
5490
8049
8050
8051
8350
8053
8054
8055
8056
7295
8058
8059
8060
8061
8062
8063
8064
8065
8066
8067
8068
8069
8070
8071
5442
8073
8074
8091
8076
980
8078
8079
8080
8081
7872
8083
8084
8085
8086
9503
3368
5977
8090
8075
8092
8093
8094
8095
8579
9953
8098
8099
8100
6812
8102
9140
7411
8105
8106
8107
8108
8109
8110
8111
8112
8113
8386
9122
7420
8117
8118
8119
6365
8121
8122
8123
2767
8125
8126
8756
8128
5279
8788
4284
9371
8133
2028
8135
8136
8137
8138
3600
8140
8141
1609
7358
8144
8145
6855
8147
8148
6370
8150
8151
8152
8153
8154
8155
8156
8157
8001
8159
9705
7948
8162
8163
8164
8165
8166
8167
4992
8169
8170
8171
8172
5079
8174
8175
8176
8177
8178
8179
8544
8181
8182
8183
8184
8185
8186
6462
8188
7577
8190
8191
8975
8193
8194
8195
8196
8197
8198
8199
7540
8201
8202
8203
8204
8205
8412
8207
8208
8209
1977
8211
8212
8213
8214
8215
7553
8217
8218
4534
9426
8221
8222
9416
8224
8225
8226
8227
8228
8229
8889
8538
8232
8233
8234
8235
9829
8237
8238
8239
8240
8241
8242
8243
8703
8245
1764
5121
8248
8249
8250
8251
8252
262
8254
8255
8256
8257
8258
8259
8431
7499
8262
8263
8264
4254
8266
8267
8268
8269
8270
93
8272
8273
8274
9802
8276
8277
8278
8279
6438
8281
7346
8283
6318
8285
8286
6724
6301
8289
8290
8291
8292
8293
8294
8295
8296
8297
8298
8299
1527
8301
7203
8303
8304
8305
8306
8307
8308
493
9519
8311
8312
8313
8468
7536
5356
8317
8318
8319
9237
8321
8322
8323
8324
8325
8326
8327
8328
3559
8330
8331
8332
8333
8334
9861
8336
6893
8338
8339
5205
8341
8342
8343
8344
8345
8374
5919
7208
5012
8052
8351
8352
8353
8354
8355
8356
7121
4812
4664
8360
8361
8362
8363
8364
7829
8366
8367
8368
7981
2161
8371
8372
8373
8346
8375
8376
8377
8378
8379
8380
5448
8382
8383
7085
8385
7974
8387
5542
8748
8390
8391
8392
8406
2488
8395
8396
6146
8398
8399
8400
4765
8402
8403
8404
8405
8393
8407
8408
8409
8410
8411
8206
8413
8414
6039
8416
8417
8418
8419
8420
8421
8422
6973
8424
8425
8426
8427
8428
8429
8430
8260
8432
8433
8434
8435
8436
9774
8438
4439
8440
8441
680
8443
8444
3528
9025
8447
8448
8449
8450
8451
8896
8453
8454
8455
8456
7061
1769
8459
8460
8461
8600
8463
8464
8465
8466
8467
8314
7194
8470
8506
8472
8473
8474
8475
8476
8477
8478
8479
8480
8481
8482
8483
8484
8485
8486
2962
8488
8489
9472
8491
8492
8096
8494
8495
8868
8497
8498
8499
8500
5543
8502
8839
8504
8505
8740
8507
8508
9325
8510
8511
8512
8513
8514
8515
8516
8517
8518
8519
8520
8521
8522
8523
8524
8525
8526
8527
8528
8529
8530
8531
8532
8533
6399
8535
8536
8537
8231
8539
8540
8862
8542
4902
8180
2193
6980
8547
8548
8549
9341
8551
8552
7126
8554
8555
8556
8557
8558
8559
8560
8561
8562
8563
8564
8565
8566
8567
8568
8569
8761
8571
8572
9818
8574
8575
8576
8577
8578
8493
8580
8582
8581
8583
8584
8585
8586
8587
4747
8589
8590
8591
8592
8593
6926
8595
8596
8597
8598
8599
8462
8601
8602
8603
8604
8223
3766
8607
8608
8609
8610
8611
7179
8613
8614
8615
8616
8617
8618
8619
8620
8621
8622
8623
5100
8625
8626
8627
8628
3876
8630
8631
8632
1610
8634
8635
8636
8637
5206
8800
8640
8641
8642
8643
9706
8645
8646
5051
8648
8649
8650
8651
8652
9777
8654
8655
9403
8657
8658
8659
8660
8661
8662
8663
8951
8665
9095
8667
8668
8669
7482
8671
8672
8673
8674
8675
4636
8677
8678
8679
8680
6155
8682
8683
8684
8685
8686
4447
4699
8689
8732
9292
3590
8693
9762
8695
8696
3082
8698
8699
8700
8701
8702
3565
4740
8705
8706
6149
8708
8709
8710
8711
8712
8713
8714
8715
8716
8717
8718
6817
8720
8721
8722
8723
8724
8725
8726
8727
8728
8729
8730
8731
7381
8733
4338
8735
8690
8737
8738
8739
8471
8741
8742
6288
8744
9311
8746
8747
675
8749
8750
8751
8752
8753
8754
8853
7912
8757
8758
9118
8760
8570
8762
8763
8764
8765
8766
8767
8768
8769
7587
8771
8772
8773
3700
8775
8776
8777
8993
8779
8780
9849
8782
7886
6192
8785
8786
8787
8130
8789
8790
8791
5090
8793
8794
4984
8796
8797
8798
8799
8639
8801
8802
8803
8804
8805
9451
8807
8808
8809
8810
8811
8812
8813
7315
9547
8816
2761
8818
8819
8820
8821
9836
8823
8824
8825
8826
7198
8828
8916
5785
8831
8832
8833
8834
8835
8836
8837
9245
9709
8840
8841
8842
9351
8844
7520
8160
8847
5787
8849
8850
8851
8852
8755
8854
9110
8856
8857
8858
2652
8860
8861
8541
8863
8864
8865
8866
8867
8496
8869
8870
8871
8872
8873
1438
8875
8876
2536
8878
8879
9971
8881
2148
8883
6848
8885
8886
8887
8888
8230
3030
9513
8892
8893
8894
8895
9739
9780
8898
8899
4494
8901
8902
8783
9961
1551
8906
8907
4189
8960
8910
9604
8912
8913
8914
8915
8829
8917
8918
9211
8920
3928
8922
8923
8924
8925
8926
8927
8928
8929
8930
8931
8932
8933
8934
5810
8936
8937
8938
8939
8940
8941
8942
8943
8944
8945
9388
5032
8948
8949
8950
2857
9017
3201
8954
9107
8956
4536
9466
7347
9187
8961
8962
8963
8964
8965
8966
5508
8694
8969
8970
8971
8972
8973
8974
8192
8976
8977
8978
8161
6291
950
8982
8983
4579
8985
9015
8987
8988
8989
8990
8991
8992
8778
8994
8995
8996
7647
8998
9596
4704
9001
9002
9003
7710
9906
9006
9007
9008
9009
9010
9011
9012
260
9014
8986
9016
3390
9018
4894
9265
9021
9022
9023
9024
8446
9026
9027
9028
9029
9030
9031
9032
1777
9034
9035
9036
9037
9038
1564
9040
9041
9042
9043
9044
7740
9046
9047
9048
9049
9050
3602
9052
9053
9491
9055
9056
8981
9058
7104
9060
9061
9062
9392
9064
9065
9066
9067
9068
9069
9070
9071
9072
9073
9074
9075
2625
3991
9078
9079
9080
9081
9082
9083
9084
9085
9086
9087
9088
9089
9090
9091
9618
9093
9094
8666
9096
9097
6245
9099
9100
154
9102
9103
9104
9105
9106
8955
9108
4853
6824
9111
9112
9113
9114
9115
9116
9117
8759
9119
9120
9121
1223
9123
1298
9125
7762
5445
9128
9129
9130
9131
9132
2997
9134
9135
9136
9137
9138
9139
8103
9141
9196
9143
5875
9145
9146
9147
9148
9149
9150
9151
9152
9153
9154
9155
9937
7851
9158
9159
9160
9161
9162
9163
9164
344
9166
9895
9168
6792
9170
9171
9172
7794
9174
9175
9197
9177
9178
9179
9741
4792
9182
9183
9184
9185
9186
8909
9188
9189
9190
9191
9192
2438
9194
9195
9988
9558
9198
9199
9200
9201
9202
9203
9204
9205
9206
9842
9208
9209
9210
9424
6915
3197
9214
2982
8979
9217
9218
9219
9220
9221
5931
9223
9224
9225
3275
9227
9228
9229
9230
7567
9232
9233
9234
9235
9236
8320
9238
9239
9240
9241
9242
9243
9244
7001
9246
9337
9248
9249
9250
1106
9252
9253
9428
9255
9256
9257
9608
9259
9260
9261
9262
9263
8397
9020
9266
9267
9268
9467
7565
9271
9272
9273
5462
9275
9800
9942
9278
9279
9280
9281
9282
9283
9284
4918
9286
9287
9288
9289
9290
9291
8691
9725
9294
9295
9296
9297
9796
9299
9300
9301
9302
9303
9304
9305
9727
9307
9308
9309
9310
7457
9312
9313
9314
9315
9316
9317
9318
9319
9320
9889
9322
9323
9324
2503
9326
9327
9328
9329
9330
9331
9332
9333
9908
9335
9336
9247
9338
9339
9340
8550
9342
9343
9701
9345
9346
7652
9892
9349
9350
8843
7548
9353
9354
9355
9745
9357
9358
9359
9360
9361
9362
9363
9364
9365
9366
9381
7830
9369
9370
8132
2847
9373
9374
9375
9419
9377
9378
9379
6511
9642
9382
8806
9384
9385
9386
9387
8946
9389
9612
9391
9063
9393
9394
6933
9396
9397
9398
3796
9400
9251
9402
7742
1543
6542
9406
9407
9408
9578
9731
9411
9412
2941
9414
9415
8605
4101
9418
2560
9420
9421
9422
9423
5351
9425
8220
9427
9254
9429
9430
9431
7911
9433
5599
9435
9603
9437
9438
9439
9440
9441
9442
9443
9444
9445
9446
9447
9448
9321
9450
9298
9452
6441
9454
9455
9456
9457
9458
9459
9913
9461
9462
7778
9464
7723
8958
9269
9468
9521
9470
9471
3628
9473
8236
9475
9476
9477
9478
9869
9480
9481
9482
9483
9484
7903
9486
9487
9905
9489
9490
9054
9492
9493
9494
2646
9496
9497
9498
9499
9500
9501
9502
8087
9504
9505
9506
6252
9600
4294
9510
9511
7774
8891
9514
9515
9516
3970
9518
9943
3023
9469
9059
9523
9524
9525
7202
9527
7965
9529
9877
9531
9532
4459
9534
9535
9536
9537
9538
9539
9540
9541
3381
4290
7603
5780
9546
8815
9548
9549
9550
9551
9552
9553
9554
9555
9556
9557
9231
9306
9560
9561
9562
7987
9564
3296
9566
9567
9568
9569
9570
9571
9572
9573
9574
9575
4830
9577
2027
5926
9580
5298
9582
7942
9584
9585
9586
3708
9695
9589
9590
7560
9592
9593
9594
9595
8999
1685
9598
9599
853
4394
9127
9436
8911
9605
9606
9607
9258
5520
9610
9611
9390
9613
9614
9615
9616
9617
9092
9619
9620
9621
7767
9623
9624
9625
7132
9627
9628
9629
9630
9631
5893
9633
9634
9635
9636
9637
9638
9679
9640
5107
1808
9986
5861
9645
9646
9647
9648
9649
9650
9651
9652
9653
7891
6265
9656
9657
9658
9659
9660
9661
9662
9663
9664
9665
9666
744
9868
9669
9670
9671
9672
9673
9674
7401
9676
9677
9678
6017
9680
6183
9738
9683
9702
9685
9686
9687
9688
9970
9690
9691
3771
5075
9694
9588
9696
9697
515
4141
9700
9344
9684
9703
7896
5191
7260
7733
9708
371
9710
9711
9712
9713
9714
9715
9787
9717
9718
9719
9837
9681
9797
9723
9724
5087
8018
9559
9728
9045
9730
9591
9732
9733
9734
9821
9736
9737
9682
8452
9740
1020
9742
9743
9744
4888
9746
9747
9748
9749
6863
9771
9752
1269
9754
9902
3563
9757
7258
9488
9760
9761
7305
9763
9764
9765
9766
9767
6251
9769
9770
9751
9772
9792
8437
9775
9776
8653
9778
9786
8897
9781
9782
9783
9597
9785
9779
9716
9788
9891
9790
9791
8573
9793
9794
9795
9809
9722
9798
9799
9276
9801
6514
9803
9804
9805
9806
9807
9808
9383
9810
9811
8114
591
6898
9815
9816
9817
9773
9215
9820
9735
9759
9823
9824
9825
4970
9507
2424
9474
9830
9831
9832
1669
9834
6078
228
1735
9838
9839
9840
9951
9207
9843
9844
7490
7180
9847
9858
8781
9850
9851
9955
9853
4037
9855
9856
5218
9848
9859
9860
8335
9862
9863
9864
9865
9866
9867
9668
9479
9870
9871
9872
1615
9874
9875
9876
9530
4421
5835
9880
9881
9882
8088
9884
4832
6234
9887
9888
9449
9890
9789
9348
9893
9894
9167
9896
2619
9898
9899
9900
7887
9755
9410
9904
9822
9947
7894
9334
9909
9910
9911
4948
9460
9914
9915
9916
9917
9918
9919
9920
9921
9922
9923
9963
9925
9926
5754
9928
9929
4870
9931
9932
6439
9935
9934
9936
6711
9972
9939
9940
9520
3205
8310
9944
4879
9946
9005
9948
9974
9950
9841
9976
1782
9954
9852
7921
9957
9958
9959
6115
8904
9962
9924
9814
9965
6126
9967
9968
9969
8880
9689
9938
9973
2589
9975
9952
9883
9978
9979
9980
9981
9982
9983
9984
9985
9643
5589
9142
9989
9990
9997
9992
9993
9994
9995
7382
5208
9999
10000
7625