17485
1470
5658
15884
13636
5909
5153
16488
5668
699
8714
15207
12038
13338
15734
2485
16008
1711
4666
6974
1055
13126
17686
7954
5877
18618
14524
18879
14432
4440
8612
8269
5910
10621
504
15897
16529
2008
8736
2196
2706
13801
17402
14743
7139
9488
13579
19498
11198
18244
2824
8604
11369
509
12910
13598
19126
7433
8828
9910
8225
17439
18178
10486
8059
15033
6382
4587
17040
11470
3135
19745
5270
16888
10839
8760
6375
4417
8258
13925
19012
7433
2528
6732
7941
15437
16681
3418
19222
5509
9679
7446
2947
7856
14283
11006
2888
664
11944
19927
8485
11430
16023
13755
8318
6861
18866
11044
7629
7123
4968
6640
14555
3848
13372
18847
15636
6404
18617
14857
11912
8295
18654
14859
16151
12936
2216
15390
9952
10511
11669
18436
1941
4043
8542
6610
10904
7408
14005
18532
10882
18973
1524
1789
19172
11247
635
14807
17650
19251
9664
9562
7546
4669
772
48
17605
19339
11789
3908
9849
19809
2343
8141
3852
7237
11102
11107
14644
5107
5990
1877
431
3865
3665
19602
15111
652
14408
9113
19902
423
18674
3799
5092
15797
198
19048
15135
8339
2955
1335
4499
1649
9476
4702
8885
577
15808
19880
5683
18150
1757
6113
2014
5421
5714
17125
6072
16474
2589
2326
16896
17614
2476
18339
13410
19026
17386
4896
7364
340
6230
8214
1989
15705
12916
7225
12634
5075
7105
18316
3224
8861
781
5238
10633
2846
18714
16705
19319
1302
19030
16215
18915
17857
14553
8676
16882
8291
13571
4245
8630
19800
8811
6970
11857
1726
10547
4490
6800
17651
2805
10024
2863
19937
11613
13495
2783
10326
6551
2101
7979
1932
14667
3245
19789
5572
11920
16670
13862
5490
17267
18843
1641
6077
2165
13497
7802
12711
14338
10953
6713
13495
976
5927
13431
12588
19421
16213
19265
2324
14666
7243
4255
9332
10487
4043
11255
18758
17065
1468
4247
14331
311
2240
16759
18827
12088
912
7889
6426
11864
14601
19920
12840
16879
13350
1779
16299
9563
17396
14974
580
4638
19229
9911
11477
19623
17518
10234
16687
18985
10833
7369
15647
9424
4127
14473
1511
5038
2361
7936
13254
13313
7855
6093
10191
17557
4223
2842
7119
1618
17815
7698
2608
13395
13960
10436
13018
11477
669
9704
6814
7853
13425
2460
17276
13903
16933
18787
15293
15645
6722
8546
5310
10929
10990
11852
8485
15212
14693
11955
13182
8860
16004
15789
2254
6315
6224
15271
14144
3244
1327
957
11097
11103
3416
4724
5005
16700
3510
297
8697
6584
8842
14006
13864
19831
2209
2348
11395
16902
10654
4576
5761
6657
364
4366
12971
2939
19637
3466
6182
17315
4422
13630
8417
4190
18354
9773
17241
18215
10070
5937
4798
15263
16294
18661
11446
18503
17360
2840
11756
8013
3767
13868
11021
482
18233
3992
3420
14221
7457
5953
7887
8231
19583
16303
8772
14288
6076
6012
12502
12497
8301
17300
7759
4594
12312
19204
19448
6024
18395
11203
14036
2161
1422
5057
2642
19655
5400
6061
10227
9208
8366
18114
17438
7948
14416
2561
18587
16843
8573
11088
5691
16873
4739
13450
17818
17051
9005
17266
19426
3752
4820
13461
5912
6242
14869
4906
5896
268
10966
16122
9476
15683
10587
3265
19982
1355
5826
18568
18197
10750
9656
240
7622
14394
13689
5439
7796
19045
19056
7221
2796
3876
17034
5060
10117
11902
9965
12364
12170
17282
4837
17997
12965
15424
17613
12946
16778
19790
11514
11326
10539
17521
11565
14512
11914
1605
16303
16062
17002
15358
19634
16149
15585
16667
1208
5701
4921
11172
14416
13442
4806
15605
7790
17770
7380
5402
7067
509
1544
18580
11834
8434
16100
19751
2946
4366
17707
19248
16779
14708
10957
12764
10857
6542
9431
8416
8594
10703
15940
19362
4144
745
14966
11933
18514
2345
13686
1932
2853
11581
512
11038
15
12963
7140
19312
13680
4847
14911
10458
15906
5867
19574
3114
12408
9004
11530
17354
16058
7469
16715
16553
8213
11680
8485
3078
10376
18522
5009
13228
10103
1872
617
6469
11187
7757
5780
4866
12603
690
11676
8508
2908
11249
11622
15316
16604
19503
9021
9013
6971
5735
5565
11535
17414
10401
10964
7789
8922
12324
17368
15376
10548
17984
18196
1734
5740
3975
2951
14694
1016
14626
3202
3924
2226
11175
15591
15181
10677
4611
4193
13999
6697
9757
1885
4110
157
12848
8250
5431
1523
1969
806
12070
16304
15354
13803
18396
19328
16754
13089
16696
7731
12642
16971
6309
3816
12561
1489
10844
13523
5682
4842
219
11790
3078
680
11947
15925
5281
13729
17448
3601
10886
5869
19904
6239
19672
18299
1919
12777
11388
18614
507
381
15584
6815
4197
4496
4656
11392
18018
6689
12586
14588
18478
15663
11619
6776
11588
16899
504
5387
499
11390
7607
16754
13980
7278
15053
15898
16406
2792
14511
16913
3172
6446
79
3720
7293
4734
15112
1662
7774
7697
16249
6252
19711
7867
13027
7650
1117
9883
9388
17967
17624
16995
14721
11603
4272
6125
7501
678
5268
18363
13942
8439
1161
10372
8511
8453
11458
19974
10115
19231
4022
2715
1834
3732
6934
14861
11382
8050
1095
769
6017
18718
17763
17089
10320
18387
3213
14172
15416
4832
8887
5709
13270
10047
12432
18132
14851
3889
18105
4965
19472
2126
7680
1305
2210
14613
12517
9943
19014
13611
10711
1382
12328
4826
14822
19000
19564
14386
9523
11331
19217
18409
17039
8839
8455
9470
6970
3306
9711
1427
4622
5534
3552
8653
6838
2113
19617
19355
12055
18631
9317
19118
16364
17997
295
11186
16996
19858
5571
2870
11188
1140
1279
4578
9978
6085
10399
16947
5742
109
18373
10364
1994
18277
15368
8832
16741
14985
4538
8796
9967
13854
7913
2682
11850
8207
13867
5197
4416
15790
8067
15603
16929
5697
16532
6906
11781
6930
204
17523
3391
14929
4238
5384
13205
19605
14215
9945
10941
15104
15092
907
8958
19356
3589
17159
7562
13807
18708
8329
5948
6774
283
19228
8822
16814
2485
602
3744
2689
14476
3486
17617
15065
8869
7173
14670
19436
13469
1962
14539
8561
2869
19848
7916
2809
13359
11830
12967
12066
158
18915
15191
441
18142
4012
13606
16979
965
17349
19667
15441
17186
13635
10505
6055
17159
1526
1842
10627
3488
12732
19187
2708
8932
3455
1868
2290
15284
14834
14355
11793
10100
9545
12233
4594
13556
2191
1572
10872
19539
17590
6312
13077
11224
13169
15483
8382
11046
17324
15360
10885
6407
14547
9944
15338
14353
11811
13979
9636
2997
8333
17780
9448
14229
6365
14041
4136
8555
15612
15008
4445
13201
1319
17521
776
10839
13003
5509
18237
6678
869
5473
13085
11767
15417
4774
6119
3579
18753
12106
2927
7085
9885
12375
1314
16249
6415
5449
4803
18379
16808
9248
11579
14479
6768
8707
5317
19771
10567
19905
6448
11435
5378
15884
19553
794
658
5671
724
19410
14128
3651
2846
4013
16025
511
261
2439
2312
1416
817
19119
10663
8748
13597
13782
13806
15266
13552
4372
15170
16352
12159
547
8587
11711
17692
9244
13734
18416
5005
7861
18418
4203
11873
14442
4713
8486
13232
7024
9901
10401
2495
16915
19148
16091
10696
9305
7708
600
13676
2878
16951
5834
19776
1889
13897
13820
11133
7630
8587
12489
15490
7004
16691
3715
17797
17756
12200
11028
4779
2100
1428
3625
19014
16927
16068
6061
6231
3775
6660
16259
3004
19962
18444
19132
1851
12340
12951
12983
19969
1537
1823
15459
4892
18514
19173
2688
16269
7724
13715
17399
6175
11495
17376
1540
8421
13443
7600
11004
13569
14260
7262
16573
14221
5705
15704
16071
18045
5006
5405
18013
2894
7228
9823
7785
2093
5347
10472
18361
13070
538
12111
19244
12032
9486
783
16805
19280
4735
7808
12849
18994
15069
5773
9566
773
1476
5637
15169
2833
7393
9534
5726
10972
19356
13510
13064
1055
333
7776
10476
17222
16239
6072
9254
5724
3206
6058
1356
7940
13865
14204
3285
5285
19976
12851
6057
17803
14839
17578
635
18583
7111
6360
9555
2818
16221
18970
3872
12905
6746
10700
10126
19336
16771
15731
1411
16328
1788
2766
4268
12004
16969
3904
13640
13296
16754
16049
11098
7944
13626
11732
6527
736
14443
12433
19905
7015
11402
3777
19919
14499
10828
6397
13834
3950
2127
15245
277
267
14362
896
12270
11331
4800
2262
978
17905
18310
12076
2201
11935
159
8727
9022
10954
1159
8926
17968
8912
9054
14239
3411
19881
635
13596
182
2761
5192
459
3027
19554
17706
11649
7236
18857
13910
8213
16762
8571
288
15314
505
16799
4040
5878
7752
1550
11155
2071
6813
209
16309
10223
16441
13295
171
16623
16056
5362
13433
15434
4915
11138
7082
8502
6347
17343
16715
3108
5913
13354
14773
2769
6504
15164
8646
14255
16713
19801
12678
19877
16361
8986
10100
12801
2281
6622
5775
14688
11983
15559
10121
13250
6697
13555
18103
13043
10897
14817
12502
16810
4523
3626
19578
7378
18789
4576
1633
11853
728
10662
11729
17088
15999
18180
6240
14631
4801
12015
9318
13136
7573
15791
6385
10621
9345
4487
15
241
15656
8868
13402
16530
12493
12980
3907
11281
13907
1891
3133
14634
12552
14862
11721
4903
13041
17960
19533
14194
6326
8851
7329
10251
4641
10065
871
13985
10903
17238
10577
2910
6105
3979
19439
18598
13310
19698
6230
7216
17940
5715
1849
6844
576
9921
11746
9968
7880
11278
513
10558
128
7841
808
1120
14257
1678
11456
5160
18915
2033
8069
1372
6011
3860
16321
15672
19909
2550
2887
17848
8264
1087
1043
5191
11007
12788
11511
15238
418
12023
5795
16897
16216
2954
18017
10472
4632
5824
11983
19898
7856
52
17621
10218
263
13941
5889
171
16491
5127
14370
1106
6213
15413
2649
13571
4552
10511
5161
4969
18885
10955
1866
15100
10261
16234
1924
11244
2057
13906
11141
6265
10309
8762
16482
10571
19054
18723
7093
11896
201
17815
9354
2766
9579
12002
16336
14130
2512
1496
15451
1396
8803
13668
12848
15415
9901
14771
6658
8309
5028
17798
14573
15337
2911
7407
2259
1965
2481
5704
10212
2681
3518
19565
1798
9448
11566
14486
3577
10429
12333
15379
8177
1135
9046
1024
16549
15298
12146
19558
3607
13525
17356
14531
5213
16618
18289
3824
14934
769
9527
5146
19802
9396
4710
17951
18843
12628
12436
18771
19408
4769
10502
7584
2255
19547
4959
15156
11197
13456
14713
11155
6981
8420
5685
12193
5038
326
12368
16323
17446
1894
1468
17247
7641
2530
11550
2835
11509
3985
17958
10916
8753
8459
18500
11008
4357
19810
6163
15553
13266
17227
6707
16598
5647
8744
8790
10684
9069
17510
7006
2866
19403
4826
16465
3396
7355
8014
6230
15215
11998
539
6130
751
8997
4629
8110
13354
791
10624
5258
14056
7850
8317
10653
13496
13412
15794
531
18832
13303
3889
1697
9058
8714
18161
8805
12420
6174
15034
7634
14524
15573
10115
11626
921
11096
19735
10626
11886
6710
12236
5941
10911
552
12945
4407
10315
5090
1289
9146
18393
5177
10842
3802
10242
5355
12606
2661
11528
3991
6646
6051
15915
16761
17676
16836
7856
13762
3813
19741
16823
16048
2033
7734
12951
11329
8492
3265
16418
9780
12410
11162
11309
19604
14963
1550
4958
7568
563
12837
7911
3560
15240
3825
16672
9267
17012
4527
3029
17177
619
16203
13224
19003
3936
2527
10331
12427
5791
6749
18559
14553
17910
9867
14156
9225
11416
15465
13144
8330
8301
1054
11890
3540
1231
8561
12807
14594
9440
12187
11770
6410
8389
4994
5413
12325
7520
12095
1103
9662
15195
19661
4214
9457
5879
14721
18681
13647
10185
8176
1976
18486
5582
10217
18377
6812
18778
11183
1405
4569
19721
13175
10978
8110
14520
12742
16786
18391
4837
14240
8052
31
13901
8618
9487
16131
19690
4519
9777
9875
12695
11753
4712
18276
18321
3088
1439
13450
10623
2843
18018
10343
12369
5348
14804
6888
18089
11589
5278
2925
5829
9682
19308
16081
14651
5146
12211
14340
9665
1988
566
18711
10092
1629
16986
8412
1069
14776
1862
11691
17618
16231
18385
6339
1578
13189
13226
19667
1129
14856
18943
6957
889
18250
19389
11891
3396
7952
2582
9412
9939
3148
8122
16382
4776
1459
1145
5844
16234
3006
13886
10203
19237
8623
16541
17166
1811
6119
16832
2939
974
15775
6248
18214
14024
1988
10104
13771
9939
12685
3182
16229
12184
11303
12610
13312
9113
13755
15507
5346
13112
9393
15549
8700
18015
8441
5866
16177
14559
2697
15467
11884
18471
18066
10097
8847
54
16552
18969
9992
9237
2151
6221
17772
9805
15182
11083
15270
8936
6590
615
18400
12334
12515
7099
6700
956
12964
19228
11866
15661
14694
3750
10483
12760
13846
15681
12813
6750
11002
19156
12338
13152
1728
10109
19308
16910
17544
14577
2197
4133
11544
596
12818
410
7695
15869
17717
658
15096
9583
12670
9789
13332
19505
18900
3529
11537
8064
10278
2538
3572
2615
12041
5299
9076
7701
18560
6619
18629
757
7103
6524
17704
19920
6934
5398
12140
4650
2408
7235
10584
11429
13375
267
7285
12275
148
18822
16690
10425
17711
261
9392
9752
5560
14819
13804
4119
1437
12432
1227
4891
18956
18931
1162
5889
680
13301
6890
3087
16887
13826
10868
10261
14092
18152
18887
14239
16973
15577
1016
14684
15837
6759
787
17748
1577
14590
1867
19365
7021
19445
4255
2328
14727
5416
4568
15407
15068
7810
14845
11954
1635
5712
2214
15726
3864
1101
9965
17188
16677
7332
8223
8865
14090
9009
6613
15666
19950
4831
11382
3323
4275
15636
5650
19002
17403
10218
10760
12470
18027
5604
4423
16013
11316
2988
11738
15179
440
18054
8718
17116
5385
16941
2333
15826
2301
8945
7843
2251
13775
19224
5573
14401
11211
7574
9754
8613
17791
16865
17434
12169
2469
18208
8181
13784
1196
16271
5314
1635
10676
10383
15103
12413
7323
17435
8238
9624
2731
16081
11874
12857
11656
13798
3609
2867
1371
9715
7831
15514
6579
1617
4034
9047
19824
8567
19182
17371
1189
847
15358
11864
11230
10460
4276
18552
4246
12514
4527
3328
4946
12752
16184
16601
6549
16144
15819
4272
5858
2
16137
12437
1618
170
1483
17793
5088
17017
15164
6276
17863
6873
18140
5444
13684
18767
348
14281
7632
4874
17608
12577
17626
10143
5530
526
6286
17700
1149
12144
17701
17285
4580
15670
13807
2414
13463
18894
15782
4978
5170
13645
8202
19661
15440
1885
18427
15787
16165
6059
661
13772
14987
14638
3914
516
11515
10199
14568
12664
18694
8620
6300
3273
4290
106
2039
14104
15352
17820
15433
521
7816
3634
16533
3256
5518
14959
15394
1682
17369
12406
11805
12356
7043
12070
9223
18558
18620
3790
7573
17314
12410
10224
16938
13051
10330
15328
7154
5681
13148
18938
2553
17315
2571
19085
16922
4440
10395
12316
2473
7764
4721
14277
119
8116
6346
5693
3025
1317
5835
6949
18630
18244
17172
11920
7646
7501
7247
11151
9533
394
10088
12085
14061
12658
7521
7334
13449
17916
19649
15921
5679
722
10197
2149
5189
12894
7841
8213
14210
13675
15161
9192
8270
12332
1111
15915
16185
8357
3417
5717
5103
13504
14154
15515
2513
1674
2848
15961
15941
2497
11881
1619
19570
18429
119
4758
11322
7960
9322
1884
17986
4482
7427
6256
13165
8537
18522
9349
13245
1939
11418
18347
11794
5571
13861
10659
3596
16709
6619
19537
15557
14852
17507
11478
13280
17626
12587
954
5585
1908
2837
19922
6389
10263
2529
19553
15151
17403
5254
8395
19341
16671
3094
7486
2241
13306
18144
5836
6366
1115
1724
18274
15966
19231
9751
9245
16856
2337
10198
18792
4244
9386
18713
6984
19648
1242
2889
11150
18644
8142
15897
14336
4812
18990
18173
7052
12295
12669
9239
15013
13783
10963
13286
9748
6545
19389
18992
3400
1725
9190
2191
2321
14927
17255
9304
10927
14848
12192
2076
9843
333
17972
530
1496
13313
15055
4899
1960
7723
14138
16972
1505
1452
10257
11252
7996
9645
6595
7747
7722
12136
6289
6394
7063
3543
12049
17989
14743
4241
64
4585
925
14388
1467
18773
7700
16521
3671
9659
4243
14160
2982
2099
11963
13239
13350
19958
19235
19944
4056
3308
12080
10344
9701
15494
10239
1750
13482
4981
2342
9897
5917
19618
4284
3735
18390
8336
255
2061
17994
849
16220
17328
2947
8183
6918
12648
4492
6152
8944
4900
5812
1023
15243
15512
12868
1833
13613
6349
3165
12306
16245
9082
11924
16881
9168
10313
5216
5775
8725
19561
6623
1297
16888
5922
5831
3805
18569
6674
6309
7512
11573
12120
4886
3168
3983
17753
5000
17596
453
8165
6253
16698
13598
18176
13578
2765
4841
15145
8539
9917
14705
11514
11213
11593
17435
13395
15397
12355
69
1705
16219
7993
13824
17456
11160
14159
15209
12512
8106
12013
676
14358
8710
10625
12534
18639
13389
13726
13783
18280
3642
8488
6145
11207
16432
19931
4601
11828
12285
4669
13533
8503
9014
3708
5959
173
17866
17519
9036
5971
9531
6063
329
14593
16687
9214
9583
6428
19291
19718
1059
2932
4557
7203
14138
988
7133
18739
12815
19417
19759
2699
4272
5124
6407
6582
1649
624
452
10684
2947
6334
16747
19627
17278
9785
5192
6861
16212
4482
6578
17270
7413
11134
824
17903
12121
7956
12993
1287
3725
12751
3986
4348
14227
6744
7281
15875
3719
7732
6558
3017
10417
19656
2643
7695
9441
7834
14555
5652
8667
17484
19274
16080
4969
16449
10334
13441
4405
3326
14727
4481
12428
15064
5180
6654
18159
12460
2528
1878
16543
9086
4894
6959
8741
3889
14653
14533
8074
5559
185
16741
3042
15810
9172
4362
12258
19505
17802
13014
2830
8881
13846
15257
3944
19025
1911
18455
11484
790
16684
8026
6227
17929
11337
14968
1817
5989
5852
9891
11548
2388
2983
10941
18197
12154
15303
6807
8010
9456
16172
7191
18336
10018
18799
18632
9042
17061
13438
16878
17851
10121
4903
4077
8049
16239
15396
6218
18580
1248
12460
6479
3635
15442
17419
18184
3947
9073
4990
11956
14881
1161
15498
13216
7530
14296
8199
16572
11357
1636
13449
9207
8108
14703
13283
16157
7294
5031
2374
2225
6278
14833
8703
6264
6626
2473
4447
10572
11546
5788
18879
6426
3301
14376
15993
10830
8671
544
3753
16379
18531
13553
5585
6639
4608
15220
2795
8253
250
1520
10477
2879
16352
19179
5494
19329
1651
9941
9900
9548
12080
5130
12325
15380
19505
4670
2562
4527
5213
2666
906
3743
16219
2842
6733
17178
18061
9527
5430
14662
7398
15906
13892
101
15084
19386
19429
13086
5678
9328
2634
17757
14457
11310
9489
10313
15979
8402
11192
17543
11067
8449
17638
3637
11290
4370
814
5703
10249
6243
16716
17646
2148
10608
17747
13583
6345
13527
3021
12022
2855
2006
6130
13663
13315
11970
328
9294
371
7871
3188
11438
16319
825
11426
7608
5195
12240
9662
15443
14834
6378
9440
13334
13337
7186
6916
19681
17065
6288
8054
19919
8293
14183
9933
1608
6153
6612
7253
2875
14482
10440
10664
7152
11265
2090
11112
12811
10681
773
8253
5514
7150
17692
15199
16838
1230
2115
16518
18294
4754
923
14564
13047
15106
848
14654
17610
3812
18258
16836
14645
8697
7500
1797
16313
9589
12908
9123
16621
10032
13727
2134
13534
7771
17333
10371
9000
15799
3241
3645
552
4163
14560
9950
15620
11759
4603
13229
11922
19212
10065
6567
4261
13916
8363
573
3504
17622
6048
124
7653
19774
18609
1186
7544
12293
7909
12895
4443
11149
12891
1347
15311
7450
11296
10931
15561
12251
511
7482
11462
6927
14048
15722
842
18762
12647
697
12735
18694
17172
16740
18467
12133
17925
2363
777
2185
15257
5220
13333
4500
6566
4996
8301
14213
12278
3861
6463
12788
7695
14277
16067
1742
6350
13260
16856
18996
10309
9590
14041
3832
2681
8860
15964
606
11222
16741
19142
2830
18312
12475
7329
1229
13822
15630
15441
6099
15842
18256
15238
3536
12532
11304
1630
18881
916
18485
14229
11224
4426
8269
15055
7107
13480
7371
4064
4701
463
3205
3883
15126
12031
7563
16354
5852
3192
8146
11950
15386
6401
7188
18921
15284
14843
550
10517
15758
15386
4745
3333
19812
9365
14740
3270
2845
18462
3685
3897
15276
3241
7779
10401
11624
15342
6754
17475
14885
11251
5777
10270
17652
9316
9191
12935
4158
6092
3451
16268
1478
4547
15952
17641
13912
10691
17262
13108
5504
946
17004
779
538
4783
11179
12161
16476
14284
9636
7712
5535
11764
17982
3186
1079
3524
12472
1588
5967
15923
14207
7444
16821
10159
1436
10732
17201
18697
3839
2705
15994
843
3483
16532
1977
11014
8692
14804
5297
14679
2515
10831
6442
16848
10368
3872
16723
2840
1812
2690
15114
16018
6485
11934
2528
4273
2666
16081
2969
2856
18785
15315
50
18619
11846
18378
9632
537
13181
11281
15216
12048
2111
18009
5247
12479
1881
18322
15318
3692
17363
10431
16061
199
18716
18589
4471
1381
11021
3792
589
6157
19106
638
4775
10951
19016
10759
7839
8548
2039
19406
16947
501
17415
18546
12979
15647
16867
4648
15690
10581
11430
11750
10779
10146
6690
15250
7878
17710
19041
8466
3866
14498
5456
4993
5448
823
15751
9638
9370
14141
9044
2669
14641
2810
1214
3972
14808
14432
8619
10497
5012
49
2246
15790
6546
5288
7391
14423
2997
2783
19241
3215
17280
4696
8207
19079
5518
309
8717
11239
10801
14112
13907
5441
13273
11472
9412
8080
5903
14383
18576
7266
14431
17173
3056
17328
2460
10446
8102
1809
9581
7342
1375
6860
8389
5933
5939
13906
2593
14655
1497
13393
5118
15403
18833
18390
3227
4597
6469
9129
18979
1396
12747
9761
18568
15802
3440
17380
2599
11541
15540
12179
18883
16914
15391
7271
19198
1329
17529
1790
12335
19025
15182
17452
10779
10366
12193
14005
14962
18661
19486
10292
16408
12232
16404
14975
4385
19843
8706
3335
11384
4245
11866
6618
17510
7256
13888
16707
8584
7768
18496
918
3144
10029
14721
13923
395
3265
4279
11708
18277
116
2000
14684
8699
18403
9658
13083
18246
14716
12770
5981
18960
4635
12598
12822
11890
2837
9528
473
10605
4376
17742
10100
14404
8814
374
14798
12078
4653
6506
10354
1120
4857
5037
9819
19611
11046
19253
14208
2113
12022
188
1073
16656
12785
10246
4897
11974
19773
5369
18930
500
19462
9029
14904
4627
9403
9701
13056
10407
12558
19761
11526
13766
1149
17696
13377
12195
16949
7584
10659
5322
4124
8083
18330
13260
18328
3226
5233
14453
4947
4162
14952
760
13191
9855
5387
18945
15908
18442
9351
4817
18203
17228
18583
19351
14924
11959
7897
8224
15894
18556
9897
17
6638
8226
13277
1318
11452
18509
15770
16398
19023
10721
17157
8565
576
18895
7509
12835
13689
16859
17651
8243
10438
16233
7593
5361
4543
11842
9936
16789
6749
19833
13157
9738
8058
6433
11055
15861
1294
6824
8610
16668
13897
5767
5232
14472
1013
12740
7306
14701
5950
1308
2943
16387
13893
6888
18100
14787
15081
4387
11575
1829
4219
4732
7918
8629
7516
18973
4489
5161
2148
9451
1828
16044
11569
3411
6867
12581
12502
10524
3634
18451
11832
6576
11190
2076
9815
5641
16862
4895
10027
4789
3075
10598
5872
10993
15578
13387
6317
16418
14900
8464
5868
13079
860
17436
16490
7726
10017
8991
18250
13650
3794
6433
16577
11335
8508
6392
13327
1721
7638
3353
6509
10713
10302
12380
1705
2231
2119
8021
18649
17018
12836
4516
6448
13695
18304
2937
17773
4672
8280
16022
14673
8425
18806
7601
16111
3665
13992
9437
5385
17982
9141
11894
8694
19443
4273
6750
1673
6391
11122
16673
19760
3957
17541
6208
14004
15844
5496
11776
16867
10127
4149
11539
18551
19306
19139
14661
2970
9483
4097
8354
7464
13238
247
12509
9032
872
19258
7056
7262
10379
3729
3374
10687
17621
9581
4690
9816
15076
12817
6682
5203
13317
14572
105
12622
10062
14766
15591
19544
15214
3945
3359
4803
543
15867
13834
1414
11476
890
5028
18206
970
8401
8893
14942
17981
9934
4757
9408
2751
11438
14610
12419
2361
11067
5041
12422
5832
631
11966
17397
927
11676
2200
1470
7543
16033
19235
15370
13274
4262
13576
10595
12662
2468
5536
6994
8753
10292
12754
7855
18081
3715
274
16793
14781
5314
9215
16964
5944
17532
14361
6871
9207
16560
4692
13101
8944
3926
8471
2218
4540
2046
9164
13553
865
14700
547
9617
1343
13300
17472
15776
17014
17745
12568
8147
3058
18134
5110
5353
15665
19470
12223
4872
12381
13266
14324
1325
13544
2794
19894
18083
4839
9057
11635
5703
108
12181
11672
1451
1832
9143
13578
15198
6887
2497
3344
9944
631
4805
15296
12647
4275
3871
17518
16655
13488
8194
14331
7031
10987
14224
5113
12178
3281
16748
14232
3388
5280
5903
1190
3464
15045
11119
18661
1931
13616
18356
8226
10598
19512
19874
3244
138
96
17114
13145
13583
5307
7475
614
12645
1699
2078
4822
1331
18825
19054
4718
457
4956
2260
3920
16353
13378
18932
14635
3345
13639
2861
10294
13150
2734
13538
13288
2829
7003
6432
12763
8661
10258
13376
1305
11956
15454
2479
13286
10630
1532
14356
11086
2839
12967
15005
15543
6344
13936
10178
6041
3926
13038
16334
17076
12123
6223
6715
11303
9577
13146
4065
18237
19755
13793
19542
11711
9246
18372
1348
16227
16255
12055
7313
15445
5021
18669
10988
7717
8957
1165
13757
12882
10554
6442
6309
19028
9017
13023
10330
18593
2520
10746
16830
2275
4538
12723
10337
10135
11094
11684
6362
7348
3739
13674
2792
5111
8694
13779
12827
17650
11295
2935
10532
18200
5729
16840
17227
14745
6215
7556
13337
8734
18302
10166
7360
19191
19240
17696
9326
10333
9380
15687
17680
9470
5712
16824
10932
14405
6954
111
8407
18249
19397
15290
16448
5125
12129
13675
19869
14695
17582
9558
3429
12235
16075
7140
11426
15315
4836
751
5647
10567
12789
19679
16388
18500
16502
7319
9256
19807
7429
17662
18055
6826
12951
10855
8302
1432
881
4523
16126
18462
14080
15906
7049
10154
19398
18474
1820
4233
15576
7467
14799
8364
3497
11186
3215
16350
14856
12470
16156
18637
6484
10563
1814
15786
1417
10115
17217
18649
10989
9695
17110
5068
1952
510
11574
1349
18983
13393
5581
10910
17211
16731
19273
17059
4268
18839
9760
19124
11309
5916
17760
14144
12830
19573
9929
14246
6039
7146
12894
17028
13192
6355
18447
15143
3217
10020
12844
2199
19765
14776
9461
13327
11507
8733
6738
15774
7572
16497
11249
15232
18764
9008
9375
11593
4932
15655
2190
7323
19152
11435
4350
12343
14142
2796
3838
17358
9168
16681
15908
5284
11456
5368
14962
19314
10453
1699
15088
14376
14548
2688
5959
13311
8048
15333
4904
12979
7339
3445
301
6491
14880
1002
18833
9021
150
2670
6378
5669
15702
18637
10952
3510
4005
2265
2823
14457
316
14262
5184
14863
16950
11142
4525
4997
2826
5780
14327
10164
9225
10980
16654
4104
11981
15487
9476
12130
14508
12205
17798
10210
10841
5101
13719
11197
3718
12893
5653
4033
7155
10836
18895
4104
18329
19771
9100
1154
5551
3426
11318
14775
14405
7971
15230
2738
19809
4705
11219
14317
16909
5369
878
4101
10469
10948
15298
14186
3840
17302
14570
10994
4490
9816
11449
2818
9587
548
3972
15137
326
15289
9911
11082
3259
5140
13819
19420
6196
5038
10088
19456
6758
10965
3556
13578
18264
15205
7764
2103
12507
18685
9449
13348
8501
17249
16165
18087
17797
136
9575
14474
11776
15837
1907
11387
976
15726
10806
3523
17115
893
2978
3872
8209
2885
17449
6472
14442
1564
4926
6948
16601
10726
295
5101
7975
12811
19539
2123
12947
9113
16596
4722
4949
18502
12460
2276
10579
3265
2150
4045
4157
5127
4268
12365
4363
18069
15188
18804
19632
114
2103
12584
10839
18749
17684
18813
7912
13574
17287
858
19038
13882
1931
338
8736
14391
2613
19314
14007
1114
19711
14516
2592
3978
3232
6955
2046
18420
2110
18030
18533
565
10613
5723
15665
4649
888
3576
18222
18174
785
17260
8408
19068
13949
17143
9810
16562
12808
3816
17675
12518
18331
267
12848
1563
3573
14893
16334
2034
9274
11218
2598
19887
13292
14615
887
14179
18190
19108
8705
18975
12719
17112
14394
3020
10606
4203
19581
19765
4370
13607
12283
2701
10225
1482
615
10149
16374
13300
12183
5648
4517
11132
1886
17808
5746
2772
8339
288
18231
17043
15614
7302
10506
10007
10321
1111
10561
6253
875
14930
16211
9509
13982
2788
10990
14596
12936
3716
4247
1470
5715
8763
8954
7600
2923
11051
6723
11261
7690
1305
8303
3303
4958
18808
9661
11630
16270
221
14234
17144
15151
10445
3005
9132
13232
13994
80
2519
14061
4326
341
19775
9441
5646
3726
12363
13048
6800
3623
738
8105
8277
4040
9414
3436
10053
1044
19705
10273
15277
13200
1775
2073
12556
10907
15304
2902
7338
14175
16962
8015
10867
16737
17455
16512
16814
9817
9559
3614
9791
6648
11718
18067
7040
17483
1502
17092
18526
17558
7364
10155
7110
5491
12227
19665
16397
3883
2566
86
18057
19528
8100
5275
12616
5555
18138
9429
11723
4048
13042
1514
10696
1111
15932
17735
18594
13786
14826
13471
7695
18541
3625
14804
4031
15852
14469
16779
19734
17034
16864
14142
12913
1316
19416
5528
6870
13905
14957
14944
17952
4350
12809
8647
5461
8741
6381
406
18878
17558
10228
6572
12451
13853
17728
16481
6056
12196
9612
5789
5581
2827
19930
14846
4142
15697
373
11011
9601
11681
2307
3904
16031
15115
12551
17843
207
15283
14600
19084
9193
4827
2008
1643
15031
19735
14475
1086
8282
4086
6874
10214
6913
3155
5059
11054
15203
5432
18417
1155
13464
723
5059
9494
12189
17609
3688
12396
9243
14639
7831
18435
19466
9838
77
14496
5924
14552
15582
10557
14989
18807
771
1901
18314
2181
9307
13516
3964
4075
14671
17428
1149
19729
3273
13337
13689
6961
5732
19283
1599
13563
17718
17416
19752
14146
8264
5676
5049
197
12584
38
19003
13354
1938
17316
15535
7596
7184
19498
11670
1854
13277
12818
17934
16550
6155
7974
19862
8238
7256
17812
18152
1325
15228
17904
15471
3491
19931
16871
39
8866
16908
19041
2220
15198
12709
14106
2793
19892
9955
14463
18097
3232
7280
12382
16133
9786
16707
15994
14376
314
13805
12527
1639
5384
6782
13461
5226
3064
10331
5264
11930
3591
4305
10501
18788
13365
4606
1580
13256
10912
16042
7704
14143
19674
16437
10275
5811
13143
2620
186
13456
16425
12713
11446
1808
15846
4906
7034
18910
11589
8649
10839
15179
9305
1339
13966
2669
2296
11897
12276
13207
7939
19979
3702
3964
16415
10328
9774
5909
12948
9960
19365
9372
19024
7162
7531
14869
8420
10916
13778
8
19565
968
11538
8869
2306
1855
7890
953
13751
165
14160
18041
16496
14213
2004
9262
4540
11778
15171
17487
18089
10887
3210
17112
18048
7093
11980
6467
18008
2110
2826
13924
3077
10715
19145
5383
12569
7034
2687
2672
3550
13198
712
45
7410
19068
9307
11950
10845
829
5788
5285
11715
8998
2396
6114
12442
10727
8933
10449
12836
11758
725
15913
18825
19869
17647
7745
3254
333
10416
6803
13531
11128
6848
17292
10195
12506
9241
17391
13334
11381
19027
1400
16730
1422
7513
9171
8500
16445
15971
1336
4555
16695
13600
19731
12915
11246
7475
16168
7930
17891
19323
17812
5370
2522
15104
15564
15027
696
9306
4712
12076
8332
2463
8805
6105
9975
17975
14604
2772
13946
12291
3678
6992
2242
3408
19907
13487
10882
12426
17769
5124
11748
15580
10493
10621
7035
2408
5647
7731
8065
6710
16158
16396
9172
4963
18852
15499
19289
9808
14622
9586
18450
14651
12930
692
14410
12836
14178
1643
1613
8298
6767
13361
230
13611
3981
7264
16019
5980
11346
4083
9041
7504
16831
14565
8818
15682
10063
8106
5489
1036
14044
3939
15686
6973
982
6447
16160
11511
8089
17772
19809
11207
7484
38
4818
7817
3653
836
10148
14999
4918
19188
2502
18100
10104
11319
13782
16518
15776
15622
17553
6171
15912
9590
13143
16893
12388
5654
8404
477
3426
4564
11683
7261
4601
16500
15077
8253
17335
1576
19603
18605
17116
2104
16704
7219
9774
6837
3737
1902
18811
17641
8072
11074
3583
17567
7967
15970
3220
12722
16446
6645
17285
4481
10258
18237
980
5334
2841
14667
3262
2444
9623
377
899
2678
7595
10673
5867
7683
12574
4677
5324
16997
15750
8906
14563
68
1227
17783
9141
17673
779
6425
2153
11036
1013
19484
12722
206
10502
15983
2649
124
16359
19899
19154
305
10571
5020
7988
19496
6048
9663
16493
18149
14920
11055
18217
16146
5189
7357
10170
5968
10134
8674
17003
7498
8158
6076
7703
15011
18410
6703
11487
14768
6602
10640
11425
13524
12011
15764
9372
18058
1778
5864
12558
16697
13270
10774
12842
18459
14483
3012
778
968
11685
14132
8465
16194
208
12520
11205
18617
19222
2691
9737
5823
9682
17513
19347
1692
13276
8718
16101
15053
10933
8658
8101
554
15784
17294
15364
6618
305
16141
7585
8342
10273
12401
887
6832
4920
8443
5448
4142
11133
11536
9964
17166
9048
5662
18857
18675
10731
11309
10079
18015
16319
18179
18569
12102
15473
13932
18719
12129
6425
2655
16822
16697
15055
17709
3528
19975
6151
5327
4116
13636
16863
10431
7153
2262
12445
2362
17289
19527
13670
7367
17542
9988
5546
12462
18441
1018
6393
13511
9498
12817
16165
6320
5865
11220
4028
5744
7546
6530
11071
11661
16517
4285
18443
3670
2898
7239
2383
186
6766
16052
7553
659
2392
9450
13120
17184
6819
15864
10695
16316
5033
3211
2635
7249
14430
3014
12993
1975
5896
415
9987
18764
1051
4782
18785
300
12020
1167
486
15137
13571
4390
15795
15962
13839
5266
9497
657
1130
191
16972
2514
3402
15959
9762
14183
18972
2754
12510
1219
19520
2496
19983
570
3629
18767
870
12001
19934
17707
7137
9856
2096
19284
2169
12286
901
11665
9294
18382
11856
2617
895
11609
18575
10657
2143
13899
9762
14652
11469
5634
13500
11451
6203
17128
6570
3424
9128
2855
17482
12617
12710
15929
8252
14878
8214
9152
6542
17507
7534
14749
16476
4780
2709
11402
11788
4852
5300
1550
19503
13121
7183
9354
4571
9737
6482
11140
9513
11961
10346
6994
4577
3055
2923
12828
14284
7488
18332
826
1347
2217
11926
17822
6996
14635
9223
18784
15838
10875
16685
11692
3995
219
1046
4917
6307
3879
12409
15819
15839
2754
19165
16768
2161
2087
5947
16444
5926
4278
13621
7272
6494
5547
5093
9842
16533
10668
8625
12370
1542
5309
413
1888
1879
1458
6804
8185
5336
19212
4004
17527
18318
19520
14294
478
17958
240
16921
3883
870
10542
11155
7363
12440
16247
17204
8972
6914
2180
17693
4807
3840
18105
6694
5718
15915
9850
13903
17602
9061
14258
15128
7378
13777
9421
4207
11734
6013
1128
15616
6882
8021
6770
10596
16812
19369
7800
5783
2634
6331
19827
3793
10171
14283
6838
15888
10197
16687
9790
7799
2100
399
2926
5829
10527
8699
10036
2260
14711
7515
14228
1592
15535
17349
12187
12346
13069
16338
14480
15703
2669
10658
15847
12839
4940
2684
5078
15137
19371
11220
19287
1470
11618
2212
7298
2145
7262
13685
756
1972
1199
11335
19915
16733
8684
8454
5430
1752
4791
16261
13806
3811
6918
6004
13001
11858
8688
18079
6994
4410
9298
2632
2231
17267
1195
5880
15763
8457
19565
16519
6780
763
7853
6695
13848
12888
11500
15629
14640
16290
11890
4797
16453
18807
10801
9453
10664
15840
3883
14009
249
9532
16640
2479
6799
17835
8358
2561
2643
4274
19079
9422
5037
3284
12468
15236
16171
3967
10864
7162
16609
2753
8311
13061
17912
19111
18865
8575
14950
2748
18936
11550
12279
11927
10380
15429
9761
18737
17990
8755
19363
13420
18177
751
13055
6996
15986
9226
10963
3201
12739
7571
2306
1049
16983
217
159
15847
8791
11460
14946
4078
19361
3577
16005
9740
19005
5765
4829
16994
10872
4191
6766
5400
4941
19820
12395
17278
5397
3357
478
18136
7279
2783
15536
4261
2999
15695
16460
8142
3506
11405
12219
19219
14981
8223
8958
13986
10340
13786
7331
1211
14328
10448
6610
15620
10268
15356
12897
12016
18713
9727
6503
5991
8861
2039
6604
11860
14085
3063
16353
13942
14467
4923
13160
9448
13146
2118
19785
19837
12255
3467
17399
6583
13915
360
2202
534
15715
11451
12549
10779
1177
19052
13122
10037
17442
19725
18248
11526
2787
10952
5467
13605
15875
18627
19404
5372
17096
19188
5208
9350
19007
18958
12284
12921
19317
10838
13454
11383
2288
2354
2162
19816
17757
15283
6204
15198
15007
804
6723
14145
11755
12190
7749
3981
7168
3505
9352
4263
2692
10911
9964
18050
6220
2248
10970
5536
13085
4423
13271
11724
3129
15432
7891
885
7066
10446
16083
18424
11249
2805
12568
19356
11346
16668
19688
18513
172
5392
19127
19216
12654
9091
17265
18874
11338
4587
761
774
5361
14031
8849
8489
5814
13091
9374
12879
3536
5456
11302
11137
4612
221
10492
15958
13241
6531
10822
13412
11922
9949
8979
4576
19039
6244
19801
6728
7182
561
3853
12542
10944
9053
1031
16757
2143
10404
5988
5678
15859
13641
16814
16822
13862
3657
12779
7102
10188
3601
16865
18461
13549
5844
19388
8939
8439
19188
15666
15620
16101
15870
8161
7044
4922
5543
152
7064
15946
6139
12741
8156
19780
5907
4978
9993
5915
14108
13446
12454
17708
10310
7267
7608
12505
6654
16546
17295
5842
8563
9266
18294
4432
17427
5337
9353
19321
5488
12768
15267
11627
1861
19774
7758
7767
4751
17750
10033
15211
7547
2487
12918
17856
6105
16878
6713
12758
9775
4007
14951
18338
13273
13244
19121
7051
18580
4826
6371
420
17593
17989
8398
19453
17763
16155
3571
18865
10256
13604
14075
17802
12442
3345
12009
18546
222
18721
11303
9996
2728
2606
4685
12352
15849
3806
19402
10781
8631
5772
11200
2575
3761
15949
2028
17875
8455
5598
16739
18710
19201
7166
12863
7994
6862
4871
6539
7083
19944
14194
13430
19023
16799
14467
11374
8999
14624
10775
16131
19606
12898
3682
2180
13010
19630
4207
10884
8084
6157
3975
3145
5357
7492
12359
13351
14353
17230
16241
17787
13525
6786
11216
12547
3584
2034
3920
8935
16657
14694
5065
12614
3943
8747
14794
16953
4728
15352
4188
12812
1508
8162
12308
3217
12005
4667
12919
6357
18248
9159
4143
11772
12297
11711
670
15880
13744
4589
1166
6753
15634
2583
19366
19576
7681
10511
12880
12408
2215
17068
1571
3722
1581
13879
3290
13586
14897
16208
19942
13144
1719
437
1267
14015
12147
1936
6246
2242
6524
3764
8994
18509
6346
4712
18084
14026
11574
7316
6433
13788
4383
8004
13862
2315
18234
17151
15900
13130
9711
12194
2625
7781
8982
3891
1795
1128
5826
4392
19721
8701
8155
5067
7209
14500
9778
1644
4877
17703
8959
11310
7843
9693
15665
1704
12008
10250
15206
4259
19731
1268
12804
2355
9048
1785
2597
7194
19264
4774
11586
18985
9826
16092
403
17034
6944
6532
15029
11820
4234
340
19481
12076
6384
11497
10131
14743
18098
1689
19002
17828
2956
8157
16534
12004
6294
15482
15549
5557
255
3486
893
10080
19578
1295
3465
2873
7826
18494
11044
8412
15185
10525
487
1568
18373
6970
16311
16471
8658
11664
10650
11613
19820
3536
19968
6113
19017
15517
8022
19272
19002
5266
5703
14931
2913
9168
14155
7090
4013
5199
11853
15549
15723
12340
17116
10447
15661
9778
3269
4318
1441
13919
12282
17613
13806
12250
77
12822
4118
4450
8445
19471
9716
14148
10754
8980
19667
4908
12421
31
10106
4274
11931
2180
12965
9046
12627
8625
15176
15895
9294
12968
6165
1575
10580
19970
10176
10657
9144
14293
11458
17588
10116
17525
8087
869
6504
4105
5776
15277
487
15882
19550
12417
18061
12514
17815
7039
1138
12990
19286
6783
5957
1802
8357
12889
1772
18533
19897
7267
9177
11354
4854
19292
8879
9293
160
11734
9749
5936
7010
10236
18169
6559
19004
16229
15424
16818
19620
12913
6159
18905
19695
8468
706
8052
1356
18829
2936
1252
2447
12112
8957
7301
11404
17835
12945
11563
5921
2693
13850
12930
9280
12018
15841
8284
4599
11264
5101
4218
529
7612
19474
223
16079
179
8274
17434
15360
7561
15037
17806
19673
3993
1458
11076
18180
10754
18990
452
13447
12840
9733
2726
4857
5573
7361
9455
13189
8814
10024
13717
16425
9497
13939
12503
6028
18565
6288
17739
6125
17676
15544
2149
18020
13354
9576
12551
4107
8566
13002
13905
17757
2735
12983
2613
4659
343
8420
17847
9156
14795
7915
5580
4292
1854
14434
10319
16770
17073
4409
19246
11100
19952
1395
9120
9657
10970
18022
10116
15887
11024
4020
13643
10110
17002
12608
14768
13697
1027
8967
2852
12173
16881
4784
16464
18734
15569
3134
11855
8994
7542
11101
93
3846
8847
9212
9854
16168
7234
19969
12055
14609
341
5697
4718
13694
18304
19485
7390
15682
8451
6594
7855
1684
7729
670
16769
3297
156
8624
8642
7697
16076
8735
7894
4922
14298
17748
1089
1531
14068
13143
12491
14408
15192
17208
8102
13495
13045
11843
5529
17847
14788
13383
19530
2516
14052
16299
2165
14207
1274
10806
18256
17349
19540
2501
18622
13838
16600
16062
11720
10668
5557
4211
1427
748
17770
5880
14242
7166
14075
16122
1365
8862
9504
17246
11378
19908
13544
9894
10466
11169
699
8721
4869
239
7574
3490
10428
4173
15904
18499
11192
1460
2709
8971
2207
16831
14850
12800
3996
8924
8922
5360
14138
14777
2606
5515
14684
12501
15408
5150
22
12458
10222
4890
9048
14147
4732
19475
18320
635
17974
5863
2094
17034
14833
652
13864
6035
13451
14212
11310
2372
15923
5447
13501
18528
7313
8184
7381
19072
9685
7402
11530
16259
8643
577
10405
13374
16404
5076
10360
14377
10939
12453
7762
2123
13104
17978
8157
2907
12189
15819
1630
8111
1265
15130
2991
4930
3314
6723
4001
9350
14124
15530
5608
19118
12459
12365
8844
8862
17440
19203
19590
4730
8008
7351
6853
17463
5328
11361
369
13868
7179
18351
1979
4796
13480
1321
9725
13145
8043
10077
2495
2166
5607
4454
17635
18065
16818
6478
3278
10610
2033
2867
15339
10040
10217
18543
3854
11897
9904
575
5764
13434
18925
4094
18229
12404
5414
4305
1901
13456
14382
747
11973
16340
1552
9608
10756
18370
12437
14033
5331
14469
13251
669
860
19819
19212
4714
11715
5467
5288
13831
18900
564
17924
13481
9319
19690
14137
11219
13145
4870
8317
1470
1209
9869
7429
8316
8238
19865
2348
13568
10686
11950
10588
7897
11769
6151
8962
3483
11617
10601
13665
6869
11164
7941
16701
483
7630
10837
8053
17126
15707
16370
14947
16915
6238
2375
1583
10827
18592
3930
746
5629
15880
11333
13525
4000
13836
2487
3834
5452
9439
17499
8672
603
5439
5372
1085
9420
16209
5489
2897
11915
1858
17844
5181
8095
16570
3115
18921
11513
3397
19666
17141
15628
7351
7018
19627
1186
5856
3460
2989
15294
958
11661
15896
2748
13384
13332
8519
9592
18821
7768
17858
17030
1963
19391
5125
18532
2505
397
6397
5901
63
3537
1528
3765
6906
1154
4950
12761
966
4290
8055
1923
15950
302
1023
9334
9986
5893
15277
5158
13660
9487
2187
15622
8877
3663
10506
7733
4060
16902
9986
474
438
11513
4238
3696
9019
5539
16456
9984
9828
862
8258
2130
17516
5632
7815
3853
11525
19443
9010
1536
8929
7548
17158
14157
7563
7663
1890
7974
916
11875
4799
17705
19739
5388
1400
8757
10926
17856
15092
17105
15069
19702
15586
8936
1685
19752
12788
9561
19195
18149
11097
8123
2049
4606
2280
9611
8620
521
13936
9535
12395
18734
7239
12133
4121
8639
17242
11398
2846
8685
8502
14266
4738
440
3202
6423
191
15989
12335
19385
10490
3431
3860
12538
8036
2491
18500
16655
3011
12435
6189
15405
11168
9780
3889
15288
14770
17482
6685
13967
2519
11538
8232
7256
8329
11433
10030
8520
3774
2365
4256
14263
2147
8115
3152
10183
10605
1651
3189
13615
14085
9378
5371
5252
15509
5612
16891
10278
3093
19927
4244
1963
7816
8827
9219
16145
16612
15600
4664
16737
14316
8919
10999
16463
13386
10502
6645
3990
12152
9833
13957
6236
15562
15679
7839
7422
1290
1081
17699
4383
1007
18294
2697
8822
7121
11915
4966
84
3867
5981
16820
18182
11252
4170
10996
4637
14671
13992
4978
6822
177
18934
9409
15738
14613
17247
19512
15902
18327
17210
16636
15685
11856
19333
4506
15328
7599
5824
15411
7817
8156
12230
5999
19407
16399
13346
4043
11069
7338
9021
14242
7514
4306
3650
19603
18918
896
19114
11172
15574
12676
4159
11258
4531
19843
12115
19858
7442
17938
11620
15258
2446
3849
17608
1852
16599
7306
5895
7667
14643
11267
1908
2156
15572
5557
18110
10842
2804
17224
2013
18377
6251
2523
5986
10781
2366
18100
6990
6159
12390
18609
17768
14835
18809
15376
16686
15407
19033
18932
19425
13675
10198
17684
12182
2122
19592
10291
12963
2395
3866
14975
17123
10116
13849
19460
17248
16214
17559
4237
2372
6300
19197
140
1134
14357
11867
14172
9763
10899
13103
5539
4573
19653
3222
16754
1774
19165
3396
14736
17911
7262
6062
11385
17377
19910
10844
14625
12476
8403
15213
14847
11054
10762
14986
12188
5118
3204
2711
11233
14102
12165
16771
15026
11817
16345
11779
9942
11861
11527
1029
9772
18788
3442
1156
12516
19704
12000
3492
12179
16754
18705
7025
7807
5818
18363
16346
10935
1566
19056
18519
12020
11221
15290
7045
19389
7986
15176
9331
19846
6702
6711
9617
1841
10153
7125
14356
9856
19124
17848
2034
12229
12904
5410
35
15073
3772
12733
6007
1690
11788
4526
13709
19360
16167
753
15101
504
12280
783
349
18981
7493
6318
821
17645
13442
11529
3852
8917
5728
5885
1145
18631
7647
17531
13703
7770
10263
16061
9459
18403
16938
19519
14114
9456
16624
9214
9959
8903
9996
10308
7884
17489
12977
5056
11485
2770
16584
15337
11686
18663
17573
9182
17293
5219
3064
7347
12989
13327
19760
18799
8081
13049
14670
2194
2505
11293
11408
12463
16547
17755
19122
4430
15243
8450
5838
3080
11219
18773
14768
2904
17436
12340
8437
11080
13911
11501
14779
3251
1179
10890
2049
9259
3938
16718
7804
6442
4362
15563
15257
909
13318
10730
1690
4912
19180
7527
7991
10398
2652
2758
9654
87
11450
18090
7518
5360
5942
2296
8610
7120
13185
7010
12730
17123
3728
534
19916
4441
16096
11524
1701
9413
2254
3391
10677
1433
7269
18667
11830
9920
17777
17835
6358
9226
15925
13876
14585
18218
12523
3194
5338
2060
10203
14419
15534
10282
14952
15449
11075
7400
6973
12775
13164
5578
16165
3840
7010
19786
18859
15191
9705
16635
9378
12415
5860
1654
2642
444
19871
15164
19989
5208
17223
6543
19627
12756
16825
10930
4557
4251
14681
7881
17025
4197
13458
9542
4388
16819
9327
3246
8361
15383
19880
17738
7797
2091
19391
6790
18886
19262
1954
18874
821
15528
5417
16799
4636
18593
4081
9192
2843
18761
13424
16219
2957
3233
5760
7345
51
15086
6942
4763
10469
3174
18853
14617
5264
14595
1407
4150
10208
19712
3023
7381
15239
4791
4179
19874
19735
8259
5417
18929
3372
18840
15148
2680
2072
17259
6376
18474
12345
13318
19589
19165
16491
18441
13781
18106
9387
11539
2255
19595
11250
1630
6975
6489
6420
7505
2714
2507
12116
8131
1435
15487
3322
16582
18166
1746
13841
894
219
2537
10563
19807
1701
7053
14599
11833
5158
3986
3372
3765
3580
14621
5394
6906
17461
8165
14410
175
10671
2877
4657
12106
18363
4330
5039
12881
6075
15231
10126
2646
17767
688
2452
15819
7740
17051
4004
9249
17388
7375
13013
967
18347
14758
4224
12160
2923
14985
8686
13593
17862
13342
5698
12576
14023
7089
1808
98
2319
11933
2743
16438
12620
1546
8608
16711
14948
12611
2312
12335
16337
11676
9653
11036
6434
10228
3195
9356
5213
11880
19300
19426
1573
1350
8353
15595
8438
10161
12044
7108
2093
11138
3545
14713
9036
8505
7775
3983
17467
10086
12670
13804
1762
2322
1191
8195
8902
4385
13902
14114
16264
13201
9891
14188
10902
18243
9782
19339
8403
18178
6447
6848
9315
6343
17912
14702
14847
5686
18685
12314
15772
11354
2469
13885
10027
11
18431
18928
4395
8684
9393
17010
18236
15635
11197
9138
13878
17330
8476
18632
11859
11274
5479
17526
17617
3390
12227
12463
9076
7263
1128
1199
14968
19948
15083
4995
19958
9865
274
704
18548
6019
14065
16783
1653
1613
5920
15530
15295
10748
10514
7153
2021
15992
4678
19637
19382
13257
8452
4809
519
5931
2359
15487
2231
13793
16833
18540
3657
13458
19244
2204
19476
9660
15338
17481
11273
1258
9362
6567
12005
19875
10071
10377
15867
11101
10014
11600
4357
14817
16408
4875
747
18766
16713
2977
12558
13545
1517
12566
7003
17112
11121
2830
6771
6458
310
14395
4067
9672
961
12423
9546
7384
2800
5412
18484
12813
13363
2840
7629
9770
4066
4727
4887
779
7704
13796
10675
5572
6361
14029
2683
17481
16859
9453
291
13520
3848
4357
3191
1160
16780
12737
4895
15931
14500
3378
8743
4215
2569
12723
13984
2987
13801
15223
117
17856
9018
10791
3427
11731
1172
2461
5563
18030
8266
5853
11549
8465
10210
11092
9624
3341
180
10871
19271
11031
14248
4365
15245
13169
13439
9229
12507
7239
803
12623
5095
6172
19765
4873
17902
936
7334
3465
15317
15599
5669
3218
4063
12230
14309
10038
15570
14488
908
11192
5518
11508
15556
17115
1028
8994
6343
13534
12585
3497
6156
14031
9668
2272
15255
7570
3208
2588
7386
14876
14538
13054
18093
14952
5284
12401
1342
17205
3240
18601
8397
5110
10108
304
2224
7487
5650
4918
1020
18234
8414
3527
8616
18081
5799
3870
2002
5358
2810
5739
233
17347
18793
18326
8651
428
7078
9992
13984
10318
8592
2380
15427
15052
2684
14002
2538
8333
18919
19910
2918
7332
3436
7885
1764
5586
11754
118
10943
10915
5856
7528
4614
4648
5853
13264
1427
12930
19607
15411
19599
8198
17790
11377
3249
16825
5378
2139
1509
4296
2048
4426
7979
1835
8662
6095
7421
16768
6212
14715
7682
12067
2242
12295
16715
8094
1910
14493
17376
1516
9903
13326
9714
4045
4703
9314
17221
10080
11452
18730
10728
9851
19507
15058
11686
8169
1152
19106
1288
7363
13820
8969
19430
16062
17616
12496
507
19525
3340
17882
17393
9595
11208
7106
13639
15910
12771
7211
2341
575
2292
9420
10425
1799
4478
2110
6319
1981
1215
7606
5696
11387
12926
1477
7448
10541
10324
7954
6418
13663
2188
3810
3257
13395
7267
13247
5656
37
458
4348
611
2749
10120
11036
899
10949
9497
3569
12929
10712
7526
14976
18450
452
16452
5897
7344
6775
10202
13761
438
8741
17570
46
18487
1188
13293
494
1225
10102
4842
18187
12850
11313
5574
10101
2261
15071
10021
11541
2134
17547
6517
583
14350
19320
2831
18045
6095
13032
11806
2884
1773
5727
2929
259
6915
16221
753
4491
6322
1946
2677
15524
9610
8251
5624
11870
19673
11996
19762
1806
9542
6278
2388
243
1950
1570
18288
8044
14601
6445
10927
12725
8523
13855
9336
11789
6428
6440
16279
12749
4737
15308
4624
14346
19910
10247
2567
19582
18595
2328
17739
8136
4958
16478
4731
6907
18047
19370
14950
8999
5814
2228
1724
14336
16082
7411
6125
18861
10202
18755
11610
11290
14062
16233
5635
10323
2832
8201
9904
1426
6880
7642
5913
11837
4119
6995
15095
18517
6364
6396
7516
12177
8623
5591
2865
1057
13001
5341
19917
19554
447
7878
10843
10861
463
16477
1183
3294
1029
11087
1071
4260
15080
3335
12449
15551
10330
7543
10419
16693
10291
17934
5222
18913
3524
8086
16321
12876
9778
12590
12429
10224
467
3271
1084
17281
16099
18619
16926
13479
6057
17996
17739
17488
1331
6539
13038
8012
14081
19809
4704
4371
17742
9925
19636
1266
14362
12308
10493
491
4897
2922
7067
1716
2544
8150
18996
14995
6768
15922
4825
9176
10269
18915
6664
7951
5453
19701
15962
19534
15861
17018
256
13603
3294
16243
11220
17656
8551
1712
14498
13447
4633
1564
11514
3529
6066
6862
18523
9185
19135
19699
18361
9403
18614
5024
13706
4066
1076
6019
19951
16937
19388
207
10539
2682
16449
1758
16689
1351
3469
11186
11150
4454
12750
2663
7982
18815
9524
2856
7999
5010
2554
2711
10765
17519
7734
4470
1585
8810
6840
1535
5746
6228
18093
12636
8909
10894
14393
5597
12244
14213
13134
3393
18666
2235
2408
2999
17401
8283
2206
1752
13293
4760
4462
4057
18630
12196
4878
214
1005
11717
18101
3102
17944
12545
15737
3204
19790
6481
5152
8386
693
18286
11778
15711
520
10537
15061
17921
18820
17267
16024
12112
18378
485
16168
17007
12680
1045
13573
10036
9113
11673
13137
7057
569
5225
6612
359
11705
11764
8744
8750
10049
16873
812
6920
7410
15872
1192
2581
9490
17215
14692
7867
17700
7211
4874
6731
4607
14798
16767
10071
6470
6255
17127
3390
7832
3739
3748
15888
15502
8843
989
1902
5716
1800
5173
9477
14024
2717
12057
3513
16283
3100
11380
10334
10310
12605
17065
11268
7402
10183
1338
10223
12789
14817
9964
620
14907
13712
12860
6760
18906
13848
5013
4621
15648
10185
10449
6023
9253
2505
9535
5536
1956
17266
15869
8617
9870
12933
19884
13623
19467
17574
197
12256
8742
10161
9227
3648
224
2086
10407
19129
15934
15419
102
7933
1955
6902
13955
11208
5759
3489
16743
7714
755
8963
16331
6976
18248
16214
16951
17714
10139
17147
6321
18880
3659
15548
2527
234
17633
9285
19363
9918
1055
15816
17850
19362
19069
8156
6921
4827
11645
15
12541
8751
8977
8871
12078
7224
1436
9028
4938
11575
2527
7610
6806
2537
3157
5685
2771
17142
14969
18485
7059
12376
14300
1261
11737
13368
9416
18657
18195
17412
18671
7087
2514
3999
15957
14592
11223
17392
19971
12512
5318
2497
121
12124
5034
19630
17808
7804
16771
9128
6288
181
1503
16939
1441
9591
6658
10857
4599
1204
4620
19621
8290
7134
3620
4246
1725
14842
17990
1695
3705
3307
544
3825
15430
1929
3454
9589
6084
16576
18717
8723
16757
16571
5661
18197
6162
8670
5405
10760
9874
10025
10381
14515
13510
10352
15113
11586
5193
13102
9632
8897
16408
10175
9073
8190
8455
8879
17778
14538
5454
12846
3260
18562
9417
5272
13111
11930
10294
18515
19041
16519
4891
5773
11033
14752
16124
6145
6337
17668
15598
15969
2916
8358
2495
11989
16547
10950
17219
10676
5487
19024
19874
5099
17586
9290
6722
10696
17571
17015
5562
16611
13533
6805
2384
918
1556
14859
3414
7893
12527
19012
213
15442
7369
2707
3782
267
13656
1000
7294
15495
24
7167
16945
13961
12808
3666
1008
10378
17033
6569
3341
10565
9725
2076
7834
11281
16934
11248
15525
5812
10259
15737
1254
17627
14795
5035
14245
8451
2387
1538
297
18762
8705
17241
12722
1512
906
10081
8242
17938
16649
11582
4855
2726
13657
9040
10358
6942
287
5882
12754
10545
17970
10359
4523
12764
15393
18767
17566
14131
305
17862
12892
5361
11454
1965
3224
8712
12045
11465
3001
5046
19398
7855
7771
9406
13247
18128
16348
13533
361
5453
430
14682
15811
4952
3797
7555
71
17715
1686
16727
11928
10929
2087
3382
12894
1662
12093
1290
13127
15093
2687
8876
19300
10457
18282
12546
4936
10981
2430
1648
12785
2859
12681
8595
7811
16478
16149
4233
14192
14186
959
6119
5115
19397
5852
14360
1058
17944
12001
10536
9389
14688
19412
8688
1496
14045
17585
2784
1377
14
4431
14161
2873
17112
19107
7035
9941
11607
11267
4132
5793
8577
6602
7259
7973
12454
17970
5382
10397
9970
12270
19785
4657
8033
4824
6153
2077
2408
5288
19805
2422
9718
13965
1646
3181
9423
8680
13121
1029
19946
13604
3173
4874
206
10431
9198
9011
4752
14579
15759
14722
6848
11896
19378
14880
16719
1882
13308
15479
7169
9464
17900
13239
3428
15897
12771
9202
4576
5892
10231
873
15847
13403
5746
16052
186
14943
1414
4937
5873
17173
16010
12721
9068
11740
3952
5786
9973
13612
17616
17142
3075
15515
6732
2855
7763
19502
12056
12338
1745
18638
13210
17592
8393
15307
9995
4930
10249
11409
6218
12474
4933
2228
1546
14000
13967
5497
16137
3939
15460
13753
17432
14887
5619
515
14093
13382
16369
2500
5719
14465
1138
15281
12056
5882
6939
18403
10811
17188
6163
17028
6013
11095
15607
7558
1446
5925
9406
17582
9864
4866
7686
3647
16104
13305
514
10196
6686
16882
12695
8756
11346
10184
388
19754
16065
7327
14508
3227
866
670
16607
6878
8116
12213
14435
9561
18138
192
3494
4353
5057
11180
4351
17512
836
4864
7707
3873
1745
16754
8980
9443
6937
9368
9196
19354
13046
3703
2580
10263
724
19186
13492
8839
7751
7926
14751
2240
8117
14596
6592
9526
5775
10942
3389
2962
12158
11096
6834
13902
7849
15814
19696
11137
1533
8891
10490
10930
8945
9422
1192
9668
4959
14683
14858
12709
18960
9608
14948
3428
556
17891
9305
2682
5185
12694
5644
17342
3789
12477
7595
7989
4642
7291
15477
2526
12533
2319
13455
1478
11740
14646
7497
16698
9328
2355
5759
4639
8314
17058
8067
8869
14949
17371
11551
16485
10064
13546
13826
10204
2374
17772
14544
7016
1414
10021
9541
13947
12339
19348
11776
430
13993
19272
17127
19673
17978
19237
4311
6292
16295
8729
11512
11243
6100
3062
4079
12515
12959
14256
19071
15333
12027
13614
2348
9793
19986
8240
91
8676
3939
11866
9105
17932
7489
2584
13956
5467
1820
18266
11758
18114
6995
3269
5708
9446
2683
9786
18312
15641
4041
17382
10973
12420
7348
9672
2212
3685
14264
2302
12361
18202
10519
17817
12485
18007
400
6440
3473
18572
1058
11582
13037
8052
11203
18745
13849
10237
4882
12160
5877
5275
5894
13202
17694
9593
19225
19905
13277
9840
18558
1989
8042
9076
19806
16878
3434
16557
3318
3259
15128
4375
14840
8165
8778
2394
3261
18978
12630
8142
11137
14859
13416
13382
4412
7461
2974
3636
3717
16251
13476
2274
14591
17869
7701
14396
11098
11135
10953
14415
14393
2432
15141
5584
6948
270
7978
10208
19247
16959
14702
10384
8169
4469
117
12580
11930
3091
12568
15646
15693
2395
14272
10283
263
1972
1031
7712
9458
8335
2127
202
10766
13619
5786
14066
13889
10115
4273
13135
3425
15326
19870
11594
19795
16339
4173
11724
19429
16740
3721
11473
15486
17992
18107
15748
16316
19137
19812
5773
7471
18290
5975
14589
11908
8112
8654
2148
18226
9278
15283
18002
4604
11504
9595
4398
7842
10120
12473
3622
3211
16193
15094
18697
10537
9553
10796
6852
8689
10607
8976
12512
8896
11302
7100
17156
19413
12105
19303
13990
1382
10937
11992
5985
2441
17938
6734
6634
8057
19206
6608
7620
15399
1701
6316
2287
7605
17111
5490
16294
4070
14465
8805
12965
2119
12256
10120
17883
4360
9423
11873
2093
16711
216
8078
15503
18153
14811
2137
2562
10369
8744
10181
2119
6796
12848
4405
14401
9958
9894
7046
14027
710
15850
3344
2828
4457
9815
711
5168
19237
8935
7260
12300
5502
15337
7802
6
6500
9938
2567
16868
15033
9099
18986
18181
1946
3390
12581
8256
9635
15978
18634
10344
8179
1977
9524
12635
11792
6586
17802
7380
11872
5061
19679
17373
16750
3833
17378
3249
13770
16297
116
5155
1747
15453
3335
3693
18842
12267
8300
4828
8244
6933
11523
16422
5262
1046
5408
13405
3983
3209
784
15854
8269
16815
9578
5018
647
6956
4618
10768
19604
1085
12274
1350
16537
15608
5042
11730
4226
9693
16557
12469
16626
8080
5242
1887
5477
10649
15291
5812
13857
12426
1665
18478
5592
7595
19847
2590
14550
817
9710
10505
1901
1983
11854
18438
13943
13248
10167
18168
2940
6724
6989
19565
11155
8582
17803
12983
19231
9445
18794
9439
1871
16811
4268
3814
4405
467
6404
15306
1283
16113
5810
3183
14447
17663
1620
8389
7262
8139
2909
10202
11214
6249
6118
2368
14830
273
15350
14060
9717
14144
19851
7939
7306
4118
11753
11710
936
14508
7015
2218
6972
9176
1753
1418
3190
19724
6159
10452
7862
9067
17005
19075
15315
19474
17794
6496
19746
13144
556
5815
3639
16758
10105
10944
17227
1857
19005
18163
16364
2371
380
3335
11546
18484
1105
14735
18208
7263
1538
6069
12681
18542
5144
7995
14368
2937
14490
10465
12432
11397
16279
12422
4506
6384
19717
1733
4592
18721
19895
17308
1091
16626
16994
12636
15110
18098
3723
13317
1712
5260
15737
14392
3802
17232
18738
14521
16521
9580
4985
8952
17328
17616
17726
1834
351
17442
3566
4942
16163
19812
18601
13605
12789
15595
2593
4250
13692
6315
13918
11756
11574
9655
6147
11727
6886
4885
6247
3406
14464
7584
8710
11791
5199
6435
13624
5549
228
13541
6842
12742
9704
5443
6347
2493
1037
8939
3094
11080
11605
17012
2835
19530
3018
8982
11257
6255
10218