1976
101
1613
915
1039
52
450
990
554
1028
1398
1245
717
32
964
159
1602
1669
335
948
425
1939
1913
132
912
1037
262
1880
905
1857
104
880
1957
69
1794
996
472
595
1985
1025
1623
1734
269
691
117
1584
849
1719
1252
1535
666
1676
1473
930
159
736
1967
772
616
1223
629
719
102
585
787
247
1932
1258
842
268
634
464
354
903
1506
470
486
354
188
90
1888
1205
117
1712
135
628
448
453
1399
1415
1675
27
485
1776
964
1624
22
1247
1233
863
1867
1867
1678
220
769
1183
689
1606
1888
1229
47
127
433
516
1839
919
1143
638
1723
541
52
1397
920
536
1524
235
159
1898
1481
1392
1112
1699
1258
1142
1918
378
324
959
335
564
539
734
690
1323
1249
880
242
743
1517
316
1635
1568
1713
554
456
1588
1140
966
1485
621
357
949
671
1966
90
589
695
765
1899
1382
1328
437
115
370
111
1363
1249
704
105
766
1020
91
685
1084
645
1492
671
1784
458
508
756
1166
1456
1427
1484
1897
367
178
661
617
1559
1989
1405
25
710
1515
1387
1958
219
1843
1075
1590
1934
1760
673
930
1603
1695
1065
60
554
173
1226
361
1951
1061
257
669
1590
918
1285
1501
1258
1041
1525
1967
555
1264
1924
1125
1106
999
714
1391
1110
1738
672
712
1433
1737
772
1986
261
349
347
211
1761
603
879
1350
1872
515
850
1129
1555
727
1095
109
1990
1371
1586
1447
721
651
1190
1830
389
1861
541
173
1949
1664
510
209
364
1208
771
476
1811
1
1826
34
515
1027
1163
69
1753
609
530
94
1979
115
1541
1051
765
730
880
1505
942
1773
1677
891
1788
187
1451
504
1394
222
979
1556
222
1156
1590
1089
183
1104
1157
287
64
1686
733
395
152
273
1445
1269
1354
325
773
295
449
802
1537
236
988
1340
1091
733
1561
70
289
134
1225
230
1574
1759
1685
731
398
1748
768
1130
494
920
1754
1939
540
1107
615
1312
1753
1063
113
1642
1650
1452
981
741
185
893
1162
825
1378
738
1054
952
497
1090
1682
1246
837
801
375
1683
72
480
1621
611
1586
587
275
1690
1
739
1331
1650
191
663
742
727
1555
255
1551
933
993
956
1884
1841
45
1917
1086
1233
717
1812
915
789
291
887
1751
228
1473
25
269
1473
764
1952
1475
954
614
568
32
169
823
1582
1453
1815
889
1336
7
933
1604
1092
517
320
1255
1784
1460
1897
670
1211
124
143
1587
744
1967
350
695
1793
1655
1309
361
1686
1477
1183
1267
929
1349
155
616
1355
1439
219
798
1956
890
404
91
702
300
760
264
775
1254
1850
1518
1573
200
213
1365
206
1521
1725
1892
997
1259
1510
277
959
17
1244
313
1807
1462
1462
1762
703
1865
1852
1756
516
964
19
1290
217
221
808
1789
420
1020
1506
625
540
1230
868
1888
841
378
516
1799
394
1759
464
200
1572
1925
314
626
142
517
382
657
1832
752
299
401
972
1106
541
1743
125
46
720
1016
1276
1587
1255
116
1964
122
266
709
1880
729
1261
1803
1006
1926
428
1499
794
809
155
978
1913
805
1378
884
1910
1918
627
386
1964
1346
1753
1591
932
1007
58
1248
1128
323
308
1359
1052
1920
1161
57
197
1589
1555
1343
749
61
320
661
866
1697
1897
1127
1966
523
1513
1929
220
1265
1519
1151
624
1576
750
103
1899
1410
1462
1302
1329
974
1710
1878
562
1616
1220
1663
1676
1891
675
893
1587
571
20
1552
1093
1884
1833
1312
1500
1351
815
475
1279
1916
578
1529
1325
391
1182
1006
1364
891
883
278
506
454
1940
533
344
966
1778
282
1537
149
1833
981
32
17
645
1883
1720
1811
358
998
1726
1287
878
1051
1677
59
408
1040
1301
1642
1317
158
95
1608
690
790
574
467
1071
110
967
1255
1442
1350
1272
86
1233
991
1896
1942
340
1622
1228
1569
1024
904
1979
1783
295
1279
1424
1612
1436
1518
1571
477
659
144
1296
1729
605
262
983
47
1612
254
484
1196
1596
380
1137
287
353
364
1855
1728
1619
1833
1510
1913
1463
933
1876
898
802
1447
1375
1460
1590
670
1540
547
1283
522
945
894
1128
1428
441
723
159
1577
1362
511
292
1216
590
262
1049
99
175
511
1383
402
1761
536
1848
1487
347
1790
508
1886
336
1790
760
1280
1036
1887
1059
1476
961
1218
1405
322
80
48
1538
670
310
938
768
836
1800
503
1237
1912
1038
1085
1398
1737
1226
257
1622
1913
47
381
1544
1434
619
602
909
1580
1819
665
253
1899
713
142
920
1022
1431
39
1857
1231
541
1445
1494
1931
529
1244
1667
106
1500
1640
18
1546
373
1561
979
991
163
240
922
333
904
1527
583
1968
1668
1502
989
1099
1541
1197
681
433
994
174
363
1874
1417
381
1980
917
373
1997
814
745
1558
145
87
1720
384
1361
404
1639
887
987
1607
906
488
947
4
380
496
684
813
1489
1210
1527
1362
978
260
1341
246
632
1338
1060
1728
1247
1204
1814
1318
1939
1526
1721
1577
764
707
1535
1670
1547
482
1673
1926
977
709
1090
465
270
617
178
1247
876
1519
1493
1859
1208
904
1586
454
459
1751
1771
749
1277
1843
677
392
550
212
61
448
693
86
725
21
794
1815
837
1415
783
1014
661
1658
884
505
1516
91
1760
1453
896
218
1203
1018
966
831
861
1643